[[[0.0, 0.49066694287706025, 0.22018714359743907, 0.7286376262357548, 0.19781689446041228, 0.1729962280783327, 0.90931484175407, 0.1195454237179836, 0.7951389488269643, 0.2924901673314373], [0.49066694287706025, 0.0, 0.5815944295121545, 0.5489811363364608, 0.23254831189198555, 0.7705897125097415, 0.6645633070319071, 0.3253558899748359, 0.19489991835476173, 0.34537562859124926], [0.22018714359743907, 0.5815944295121545, 0.0, 0.7612347574125792, 0.8406185110781014, 0.30913815034650827, 0.44354901876521957, 0.2247943777614092, 0.3555341160971073, 0.09896326401909339], [0.7286376262357548, 0.5489811363364608, 0.7612347574125792, 0.0, 0.7445333252376217, 0.2913835256250481, 0.05377757387695248, 0.6487028147911027, 0.2937421028077555, 0.310045632279234], [0.19781689446041228, 0.23254831189198555, 0.8406185110781014, 0.7445333252376217, 0.0, 0.6666722697824831, 0.3489004720781327, 0.22548808610560955, 0.5215447310610223, 0.7867169150801995], [0.1729962280783327, 0.7705897125097415, 0.30913815034650827, 0.2913835256250481, 0.6666722697824831, 0.0, 0.7252183475397912, 0.8384326639861645, 0.5191203840464487, 0.5262155903544867], [0.90931484175407, 0.6645633070319071, 0.44354901876521957, 0.05377757387695248, 0.3489004720781327, 0.7252183475397912, 0.0, 0.34613724225024545, 0.2203963080272896, 0.021653723808929604], [0.1195454237179836, 0.3253558899748359, 0.2247943777614092, 0.6487028147911027, 0.22548808610560955, 0.8384326639861645, 0.34613724225024545, 0.0, 0.6652600020102184, 0.7506726914781726], [0.7951389488269643, 0.19489991835476173, 0.3555341160971073, 0.2937421028077555, 0.5215447310610223, 0.5191203840464487, 0.2203963080272896, 0.6652600020102184, 0.0, 0.3241579218360352], [0.2924901673314373, 0.34537562859124926, 0.09896326401909339, 0.310045632279234, 0.7867169150801995, 0.5262155903544867, 0.021653723808929604, 0.7506726914781726, 0.3241579218360352, 0.0]], [[0.0, 0.7973041540902651, 0.18350287185042669, 0.38487334033287446, 0.3648776322552323, 0.46769090697028937, 0.7541913485671204, 0.712108661825949, 0.27566839203703264, 0.5336746792165237], [0.7973041540902651, 0.0, 0.9294443680194255, 0.16370516852031636, 0.16590069631427806, 0.7620089011696074, 0.5554194180397118, 0.35267976153756253, 0.6010068718754016, 0.08943924051029262], [0.18350287185042669, 0.9294443680194255, 0.0, 0.02773167625656392, 0.8841112857431059, 0.21482267235669228, 0.3974468140726918, 0.03219657771246587, 0.7930305506444044, 0.5764254963495206], [0.38487334033287446, 0.16370516852031636, 0.02773167625656392, 0.0, 0.8786772675311638, 0.012262274461288691, 0.08393331148832572, 0.05265619540863642, 0.03216491071661998, 0.7192033986165519], [0.3648776322552323, 0.16590069631427806, 0.8841112857431059, 0.8786772675311638, 0.0, 0.8866847568983208, 0.5685173364803021, 0.19143989182135612, 0.8669722647407417, 0.05951525934214086], [0.46769090697028937, 0.7620089011696074, 0.21482267235669228, 0.012262274461288691, 0.8866847568983208, 0.0, 0.9736217904248302, 0.8805942951713934, 0.6639908294534708, 0.391894176423219], [0.7541913485671204, 0.5554194180397118, 0.3974468140726918, 0.08393331148832572, 0.5685173364803021, 0.9736217904248302, 0.0, 0.32616544853819296, 0.35214665129892864, 0.9420188184682446], [0.712108661825949, 0.35267976153756253, 0.03219657771246587, 0.05265619540863642, 0.19143989182135612, 0.8805942951713934, 0.32616544853819296, 0.0, 0.5039147961583214, 0.9744847681459663], [0.27566839203703264, 0.6010068718754016, 0.7930305506444044, 0.03216491071661998, 0.8669722647407417, 0.6639908294534708, 0.35214665129892864, 0.5039147961583214, 0.0, 0.37622381523471604], [0.5336746792165237, 0.08943924051029262, 0.5764254963495206, 0.7192033986165519, 0.05951525934214086, 0.391894176423219, 0.9420188184682446, 0.9744847681459663, 0.37622381523471604, 0.0]], [[0.0, 0.8790823046399506, 0.9009235918034277, 0.6941548804481558, 0.23105985870108425, 0.7651763210516542, 0.38401533556120027, 0.5726831463360128, 0.9844914451513955, 0.6953311801221215], [0.8790823046399506, 0.0, 0.8686381454021952, 0.31093956298587544, 0.10619248659615321, 0.28183411595092445, 0.17414607938049098, 0.04790596428889782, 0.19605919798603844, 0.13548161811315396], [0.9009235918034277, 0.8686381454021952, 0.0, 0.7794137264868005, 0.6628918019551326, 0.31169610477497045, 0.981918338920292, 0.9762671700239112, 0.7234903163127753, 0.7088490683846415], [0.6941548804481558, 0.31093956298587544, 0.7794137264868005, 0.0, 0.871206807862271, 0.7423687591726673, 0.9826765024815659, 0.09188419251724655, 0.9302129985478718, 0.12711373283642824], [0.23105985870108425, 0.10619248659615321, 0.6628918019551326, 0.871206807862271, 0.0, 0.9202709711168605, 0.5227769323962068, 0.17584745679358793, 0.32778272313694046, 0.7036406477593204], [0.7651763210516542, 0.28183411595092445, 0.31169610477497045, 0.7423687591726673, 0.9202709711168605, 0.0, 0.9504523130768896, 0.5222536846292836, 0.38469830836992647, 0.9941689394496082], [0.38401533556120027, 0.17414607938049098, 0.981918338920292, 0.9826765024815659, 0.5227769323962068, 0.9504523130768896, 0.0, 0.4701672526534545, 0.21346310981863703, 0.6900387434862219], [0.5726831463360128, 0.04790596428889782, 0.9762671700239112, 0.09188419251724655, 0.17584745679358793, 0.5222536846292836, 0.4701672526534545, 0.0, 0.02866049139185889, 0.3481240346142769], [0.9844914451513955, 0.19605919798603844, 0.7234903163127753, 0.9302129985478718, 0.32778272313694046, 0.38469830836992647, 0.21346310981863703, 0.02866049139185889, 0.0, 0.05376007919619885], [0.6953311801221215, 0.13548161811315396, 0.7088490683846415, 0.12711373283642824, 0.7036406477593204, 0.9941689394496082, 0.6900387434862219, 0.3481240346142769, 0.05376007919619885, 0.0]], [[0.0, 0.6192840643161871, 0.6619685807924335, 0.23711229517236265, 0.9706629541795704, 0.49057126607899393, 0.45411379479866776, 0.761851325868561, 0.09203869135623954, 0.5425647275500525], [0.6192840643161871, 0.0, 0.6934372389193904, 0.6534568471023823, 0.5186640720994132, 0.10664853465744295, 0.8774149683702348, 0.34591333541943536, 0.8644081516504257, 0.32327200952869406], [0.6619685807924335, 0.6934372389193904, 0.0, 0.762816317888823, 0.4778603498351681, 0.5997320346410497, 0.4027946737091407, 0.9571857583197279, 0.6551282114694305, 0.5411138717918936], [0.23711229517236265, 0.6534568471023823, 0.762816317888823, 0.0, 0.06615716972358843, 0.8407172184142035, 0.522920976593518, 0.8518712684172045, 0.45989967597129555, 0.5942759454511379], [0.9706629541795704, 0.5186640720994132, 0.4778603498351681, 0.06615716972358843, 0.0, 0.2790032948128116, 0.1514529513363464, 0.6769901399772625, 0.7193197819545424, 0.4065391709153542], [0.49057126607899393, 0.10664853465744295, 0.5997320346410497, 0.8407172184142035, 0.2790032948128116, 0.0, 0.28866657635768855, 0.31278008039689575, 0.5778548788639469, 0.09379593790948249], [0.45411379479866776, 0.8774149683702348, 0.4027946737091407, 0.522920976593518, 0.1514529513363464, 0.28866657635768855, 0.0, 0.04997860498420614, 0.9604300878888286, 0.8552686250428491], [0.761851325868561, 0.34591333541943536, 0.9571857583197279, 0.8518712684172045, 0.6769901399772625, 0.31278008039689575, 0.04997860498420614, 0.0, 0.3431708833370355, 0.15195346780130348], [0.09203869135623954, 0.8644081516504257, 0.6551282114694305, 0.45989967597129555, 0.7193197819545424, 0.5778548788639469, 0.9604300878888286, 0.3431708833370355, 0.0, 0.4504185134656816], [0.5425647275500525, 0.32327200952869406, 0.5411138717918936, 0.5942759454511379, 0.4065391709153542, 0.09379593790948249, 0.8552686250428491, 0.15195346780130348, 0.4504185134656816, 0.0]], [[0.0, 0.2201235240711984, 0.5421219231277201, 0.35795434232429457, 0.43199030715983555, 0.7452196226518685, 0.721732958220632, 0.905944558407256, 0.029273985891889454, 0.9878409824618144], [0.2201235240711984, 0.0, 0.26671270148824366, 0.33578396320915527, 0.42972659799503643, 0.8126232056981691, 0.556380481763766, 0.06598187393039523, 0.39676569388551575, 0.21185818190670747], [0.5421219231277201, 0.26671270148824366, 0.0, 0.915665874989069, 0.06077708789594782, 0.24507807020375194, 0.023641874316711164, 0.45050018969495587, 0.12469096421943937, 0.45691675113080077], [0.35795434232429457, 0.33578396320915527, 0.915665874989069, 0.0, 0.6319483887920407, 0.03940310234491706, 0.3435039441952621, 0.9092242661526304, 0.0369752515075461, 0.6678805075514129], [0.43199030715983555, 0.42972659799503643, 0.06077708789594782, 0.6319483887920407, 0.0, 0.741060917968454, 0.5964718196248645, 0.5602044966996034, 0.2686449532237679, 0.8256843977819194], [0.7452196226518685, 0.8126232056981691, 0.24507807020375194, 0.03940310234491706, 0.741060917968454, 0.0, 0.20550002793751965, 0.1120302342571553, 0.914070354278478, 0.10127241728910763], [0.721732958220632, 0.556380481763766, 0.023641874316711164, 0.3435039441952621, 0.5964718196248645, 0.20550002793751965, 0.0, 0.6652046621444005, 0.25899809975923693, 0.9554302512610795], [0.905944558407256, 0.06598187393039523, 0.45050018969495587, 0.9092242661526304, 0.5602044966996034, 0.1120302342571553, 0.6652046621444005, 0.0, 0.9889051614272127, 0.5983416933961044], [0.029273985891889454, 0.39676569388551575, 0.12469096421943937, 0.0369752515075461, 0.2686449532237679, 0.914070354278478, 0.25899809975923693, 0.9889051614272127, 0.0, 0.5682465981251432], [0.9878409824618144, 0.21185818190670747, 0.45691675113080077, 0.6678805075514129, 0.8256843977819194, 0.10127241728910763, 0.9554302512610795, 0.5983416933961044, 0.5682465981251432, 0.0]], [[0.0, 0.31484029724660023, 0.17647604708740927, 0.0195062543581771, 0.6866664265377705, 0.9420441950778472, 0.19126479769426274, 0.41866657694784526, 0.7272289206822048, 0.6717801190948344], [0.31484029724660023, 0.0, 0.7898572613374681, 0.45614422629131135, 0.34696851593868405, 0.8370520967836862, 0.8122129089701128, 0.6332978050167782, 0.8903716348010139, 0.2500455050429291], [0.17647604708740927, 0.7898572613374681, 0.0, 0.10204056394940886, 0.9357146151712046, 0.8475558869531747, 0.47489554319550675, 0.08030865726762904, 0.6656070056332553, 0.49735261625106897], [0.0195062543581771, 0.45614422629131135, 0.10204056394940886, 0.0, 0.13939459593878945, 0.3743689963963326, 0.014816581570452514, 0.1321861076073022, 0.2786342391535369, 0.4777660482502276], [0.6866664265377705, 0.34696851593868405, 0.9357146151712046, 0.13939459593878945, 0.0, 0.40688083327927105, 0.4388854339144339, 0.06602896208296527, 0.42287796238543496, 0.5459028105791923], [0.9420441950778472, 0.8370520967836862, 0.8475558869531747, 0.3743689963963326, 0.40688083327927105, 0.0, 0.307945873172074, 0.8258167790356863, 0.14863224474819337, 0.9361845500020444], [0.19126479769426274, 0.8122129089701128, 0.47489554319550675, 0.014816581570452514, 0.4388854339144339, 0.307945873172074, 0.0, 0.34984401151920264, 0.2503815022471423, 0.8022348205139059], [0.41866657694784526, 0.6332978050167782, 0.08030865726762904, 0.1321861076073022, 0.06602896208296527, 0.8258167790356863, 0.34984401151920264, 0.0, 0.6246802114541559, 0.03084476169694539], [0.7272289206822048, 0.8903716348010139, 0.6656070056332553, 0.2786342391535369, 0.42287796238543496, 0.14863224474819337, 0.2503815022471423, 0.6246802114541559, 0.0, 0.5605038030522015], [0.6717801190948344, 0.2500455050429291, 0.49735261625106897, 0.4777660482502276, 0.5459028105791923, 0.9361845500020444, 0.8022348205139059, 0.03084476169694539, 0.5605038030522015, 0.0]], [[0.0, 0.3032571946320196, 0.6545803990399595, 0.41667034342926457, 0.802238545255204, 0.38895170156809644, 0.15116570715466637, 0.3886502789604104, 0.6488507690770731, 0.7779412622856484], [0.3032571946320196, 0.0, 0.19312869775376484, 0.7087235959194527, 0.6769184864976378, 0.8586167589048962, 0.98187594923799, 0.2755886489112669, 0.5710713638516712, 0.5020273591055338], [0.6545803990399595, 0.19312869775376484, 0.0, 0.2569865263971933, 0.5232712744712179, 0.844022626999423, 0.6499209286960139, 0.28654089009387396, 0.5168914364288487, 0.7677676319723697], [0.41667034342926457, 0.7087235959194527, 0.2569865263971933, 0.0, 0.1248364792087534, 0.5170524218920067, 0.041100685169560336, 0.6943050938079874, 0.30277443708145835, 0.5519344617457551], [0.802238545255204, 0.6769184864976378, 0.5232712744712179, 0.1248364792087534, 0.0, 0.44993824202099275, 0.7063659833097016, 0.2835076722290065, 0.22917877640096074, 0.9645730514650154], [0.38895170156809644, 0.8586167589048962, 0.844022626999423, 0.5170524218920067, 0.44993824202099275, 0.0, 0.11730214181912801, 0.578524622559716, 0.4860854839481591, 0.1716626892667693], [0.15116570715466637, 0.98187594923799, 0.6499209286960139, 0.041100685169560336, 0.7063659833097016, 0.11730214181912801, 0.0, 0.6166933807178474, 0.9103550455214309, 0.09119897467806926], [0.3886502789604104, 0.2755886489112669, 0.28654089009387396, 0.6943050938079874, 0.2835076722290065, 0.578524622559716, 0.6166933807178474, 0.0, 0.07008708465612812, 0.9435257708220057], [0.6488507690770731, 0.5710713638516712, 0.5168914364288487, 0.30277443708145835, 0.22917877640096074, 0.4860854839481591, 0.9103550455214309, 0.07008708465612812, 0.0, 0.3737208057127269], [0.7779412622856484, 0.5020273591055338, 0.7677676319723697, 0.5519344617457551, 0.9645730514650154, 0.1716626892667693, 0.09119897467806926, 0.9435257708220057, 0.3737208057127269, 0.0]], [[0.0, 0.03682048013624384, 0.6583804419130327, 0.9768051839624429, 0.016425480767620626, 0.6127101281685878, 0.3626518385478905, 0.2675420377699763, 0.46140562098135907, 0.2867501378424103], [0.03682048013624384, 0.0, 0.44395292807872344, 0.8093294271041892, 0.8056053708099011, 0.28824698494788736, 0.48243120294139596, 0.9611388808952211, 0.8710549501055881, 0.24099459738818751], [0.6583804419130327, 0.44395292807872344, 0.0, 0.5229870590738444, 0.9072263855674033, 0.37170696418823634, 0.6765115692580062, 0.1671857075219968, 0.613678214763197, 0.6477561180562084], [0.9768051839624429, 0.8093294271041892, 0.5229870590738444, 0.0, 0.7062107614832923, 0.11081316969483201, 0.02089339660739198, 0.571280763975987, 0.2862953166278478, 0.8852790152760848], [0.016425480767620626, 0.8056053708099011, 0.9072263855674033, 0.7062107614832923, 0.0, 0.6144767358275182, 0.14272590870207946, 0.7279500306168173, 0.8812996628751496, 0.7860186595793579], [0.6127101281685878, 0.28824698494788736, 0.37170696418823634, 0.11081316969483201, 0.6144767358275182, 0.0, 0.9200875517594334, 0.7790302343745464, 0.919335142432271, 0.09381669913431279], [0.3626518385478905, 0.48243120294139596, 0.6765115692580062, 0.02089339660739198, 0.14272590870207946, 0.9200875517594334, 0.0, 0.6343970882631691, 0.5461370833779366, 0.9098660557712741], [0.2675420377699763, 0.9611388808952211, 0.1671857075219968, 0.571280763975987, 0.7279500306168173, 0.7790302343745464, 0.6343970882631691, 0.0, 0.813753614979159, 0.5908945070605595], [0.46140562098135907, 0.8710549501055881, 0.613678214763197, 0.2862953166278478, 0.8812996628751496, 0.919335142432271, 0.5461370833779366, 0.813753614979159, 0.0, 0.5131095660018063], [0.2867501378424103, 0.24099459738818751, 0.6477561180562084, 0.8852790152760848, 0.7860186595793579, 0.09381669913431279, 0.9098660557712741, 0.5908945070605595, 0.5131095660018063, 0.0]], [[0.0, 0.38621817198855024, 0.9686856439305707, 0.3580999570481256, 0.4612984910370681, 0.6961546900240567, 0.31556782173308073, 0.615651696119119, 0.5200706931383902, 0.6418818787597583], [0.38621817198855024, 0.0, 0.20289871950148475, 0.6667994044208908, 0.38872632378266614, 0.22132646153242708, 0.429492563316465, 0.26588539667388045, 0.5855397288519512, 0.46107410471883736], [0.9686856439305707, 0.20289871950148475, 0.0, 0.8320860481918742, 0.2053732073611746, 0.8495260693405262, 0.45747385695206444, 0.8237528833239499, 0.8657620984110221, 0.04046719365030005], [0.3580999570481256, 0.6667994044208908, 0.8320860481918742, 0.0, 0.9740378921811602, 0.23002201400118083, 0.18773149752121632, 0.9490998580461116, 0.12504076006352316, 0.46836951249254266], [0.4612984910370681, 0.38872632378266614, 0.2053732073611746, 0.9740378921811602, 0.0, 0.8848217530922629, 0.6742769956739114, 0.9449651900641202, 0.6329858607912504, 0.21291706214906958], [0.6961546900240567, 0.22132646153242708, 0.8495260693405262, 0.23002201400118083, 0.8848217530922629, 0.0, 0.690237592863736, 0.4297452344697448, 0.4209558598151939, 0.8006955611185713], [0.31556782173308073, 0.429492563316465, 0.45747385695206444, 0.18773149752121632, 0.6742769956739114, 0.690237592863736, 0.0, 0.7460314596542684, 0.5706783426881513, 0.981236858738778], [0.615651696119119, 0.26588539667388045, 0.8237528833239499, 0.9490998580461116, 0.9449651900641202, 0.4297452344697448, 0.7460314596542684, 0.0, 0.443874911329623, 0.43971953844979983], [0.5200706931383902, 0.5855397288519512, 0.8657620984110221, 0.12504076006352316, 0.6329858607912504, 0.4209558598151939, 0.5706783426881513, 0.443874911329623, 0.0, 0.33654939319766], [0.6418818787597583, 0.46107410471883736, 0.04046719365030005, 0.46836951249254266, 0.21291706214906958, 0.8006955611185713, 0.981236858738778, 0.43971953844979983, 0.33654939319766, 0.0]], [[0.0, 0.6104702700830905, 0.6047100354898043, 0.054604850774778835, 0.4450127359426307, 0.7964904969555796, 0.1536062404238172, 0.25928308699214175, 0.7778893273660148, 0.2022568447478521], [0.6104702700830905, 0.0, 0.4308600034515119, 0.28914801704884185, 0.3919124745836501, 0.4620796482100995, 0.640213137052723, 0.7211395405975018, 0.18346391439737975, 0.11874870438893004], [0.6047100354898043, 0.4308600034515119, 0.0, 0.9516751576395538, 0.017548670888164364, 0.22436456092302104, 0.6304943397274722, 0.2329224697517115, 0.9149474668558714, 0.4291894158120154], [0.054604850774778835, 0.28914801704884185, 0.9516751576395538, 0.0, 0.13089102550712794, 0.19504160761151645, 0.7110734779143908, 0.09934257530790314, 0.5658446467198095, 0.8782736697482622], [0.4450127359426307, 0.3919124745836501, 0.017548670888164364, 0.13089102550712794, 0.0, 0.7352784493804454, 0.8990762537960245, 0.8460738580570232, 0.9089557944578893, 0.48825285165903554], [0.7964904969555796, 0.4620796482100995, 0.22436456092302104, 0.19504160761151645, 0.7352784493804454, 0.0, 0.3696021601987901, 0.26522118913360804, 0.8757863122648101, 0.31549231166759206], [0.1536062404238172, 0.640213137052723, 0.6304943397274722, 0.7110734779143908, 0.8990762537960245, 0.3696021601987901, 0.0, 0.2671125821412702, 0.6566630901534425, 0.40874164451296835], [0.25928308699214175, 0.7211395405975018, 0.2329224697517115, 0.09934257530790314, 0.8460738580570232, 0.26522118913360804, 0.2671125821412702, 0.0, 0.5424860227736601, 0.06031648367189657], [0.7778893273660148, 0.18346391439737975, 0.9149474668558714, 0.5658446467198095, 0.9089557944578893, 0.8757863122648101, 0.6566630901534425, 0.5424860227736601, 0.0, 0.37197255092980175], [0.2022568447478521, 0.11874870438893004, 0.4291894158120154, 0.8782736697482622, 0.48825285165903554, 0.31549231166759206, 0.40874164451296835, 0.06031648367189657, 0.37197255092980175, 0.0]]]