[[[0.0, 0.9038944471002708, 0.8163281752982356, 0.3400859917154514, 0.9461575809014037, 0.33534755587649856, 0.2754844684116884, 0.4150831356101512, 0.5903588185943236, 0.27134840544882777, 0.3964085867931272, 0.6061413334395849, 0.5544849635410374, 0.7333030141263327, 0.25823510381238435, 0.8131296859178573, 0.9297007977163879, 0.07949115194673972, 0.43396163334827753, 0.8816447758110455], [0.9038944471002708, 0.0, 0.38707520488123714, 0.1875565974499117, 0.6769468130104385, 0.09536405386435809, 0.18240739899836422, 0.7974071195498237, 0.6747913970830706, 0.0009168181175281953, 0.03556987211016538, 0.3856261161218788, 0.905160313048951, 0.2781784269469626, 0.49460702927438904, 0.2422978875394356, 0.6826835928265071, 0.2860636778981668, 0.4536350457016106, 0.03997885157553993], [0.8163281752982356, 0.38707520488123714, 0.0, 0.4883355416829325, 0.6403970084468231, 0.39953827905399497, 0.7907888874151269, 0.8259464930050838, 0.266087910736437, 0.301029410263837, 0.39300482582491136, 0.8078680684108447, 0.96710870933357, 0.7735353111603184, 0.9474840501293712, 0.17398770930483742, 0.8929065573541632, 0.7211247319281457, 0.4006961880665648, 0.40175341922712693], [0.3400859917154514, 0.1875565974499117, 0.4883355416829325, 0.0, 0.609907786000861, 0.13722010402870743, 0.17488757595315807, 0.8455149827644693, 0.8776928806498271, 0.09365130975207614, 0.7033189494695993, 0.055015982694589405, 0.7640110009245813, 0.36769460009376287, 0.7910182154848635, 0.4629170153521599, 0.18715951509526674, 0.971684347811379, 0.9149433903199693, 0.37498724364342817], [0.9461575809014037, 0.6769468130104385, 0.6403970084468231, 0.609907786000861, 0.0, 0.12463820078110843, 0.39149912012320165, 0.6784782299493844, 0.5001343663411392, 0.7807619045849552, 0.8121493823264475, 0.5652552842975284, 0.9684926534250003, 0.7673379546688943, 0.5922466348271949, 0.0714492882659642, 0.846950507053597, 0.7594676481213075, 0.7215093741212474, 0.12292678971740312], [0.33534755587649856, 0.09536405386435809, 0.39953827905399497, 0.13722010402870743, 0.12463820078110843, 0.0, 0.09063771670982246, 0.057533382996032056, 0.6300097109009408, 0.7583994197937948, 0.03365761817931434, 0.5409064138546288, 0.5981635040946695, 0.2674548632710336, 0.694937913803745, 0.6375532967869961, 0.13763356404330018, 0.27838166625034555, 0.5582326887130873, 0.018099063109580427], [0.2754844684116884, 0.18240739899836422, 0.7907888874151269, 0.17488757595315807, 0.39149912012320165, 0.09063771670982246, 0.0, 0.2395879910979244, 0.35953471827986083, 0.27646201608798915, 0.049367221527055194, 0.25537098683717774, 0.1039279815689148, 0.40168503683348544, 0.9035083447686866, 0.8760901374948279, 0.6093322966501378, 0.8105401396242646, 0.5446082475931715, 0.9844548105755215], [0.4150831356101512, 0.7974071195498237, 0.8259464930050838, 0.8455149827644693, 0.6784782299493844, 0.057533382996032056, 0.2395879910979244, 0.0, 0.654902263085872, 0.6538654731794428, 0.1369243836669407, 0.5003231437887758, 0.26982961392342186, 0.5525292186622098, 0.6668455413521069, 0.9757980840604159, 0.6632081698592784, 0.8530761880277493, 0.3288071290500313, 0.8574667283396575], [0.5903588185943236, 0.6747913970830706, 0.266087910736437, 0.8776928806498271, 0.5001343663411392, 0.6300097109009408, 0.35953471827986083, 0.654902263085872, 0.0, 0.12062607309146123, 0.5563969782813185, 0.4260544202316927, 0.7226024079548128, 0.7967901096937124, 0.08090464400529851, 0.5284046593908137, 0.3328136009614747, 0.4397069526052845, 0.6112704552608405, 0.8473289213646704], [0.27134840544882777, 0.0009168181175281953, 0.301029410263837, 0.09365130975207614, 0.7807619045849552, 0.7583994197937948, 0.27646201608798915, 0.6538654731794428, 0.12062607309146123, 0.0, 0.7084968553784035, 0.12995187055855706, 0.4545679943435892, 0.7333549120053682, 0.714375784150417, 0.4922062626268451, 0.8747530030444811, 0.48359037474802746, 0.8127669168451892, 0.21843865026588105], [0.3964085867931272, 0.03556987211016538, 0.39300482582491136, 0.7033189494695993, 0.8121493823264475, 0.03365761817931434, 0.049367221527055194, 0.1369243836669407, 0.5563969782813185, 0.7084968553784035, 0.0, 0.29341501769996914, 0.45732069135012265, 0.09416921990764726, 0.9531396980961644, 0.9998053597096075, 0.9591335193173897, 0.45860259659852787, 0.7428390972686941, 0.4592111698186425], [0.6061413334395849, 0.3856261161218788, 0.8078680684108447, 0.055015982694589405, 0.5652552842975284, 0.5409064138546288, 0.25537098683717774, 0.5003231437887758, 0.4260544202316927, 0.12995187055855706, 0.29341501769996914, 0.0, 0.24033619060499656, 0.7684952705323339, 0.5034569647650883, 0.7378014591474106, 0.08199989938799135, 0.15991371545829647, 0.03851357523491572, 0.6042166824976535], [0.5544849635410374, 0.905160313048951, 0.96710870933357, 0.7640110009245813, 0.9684926534250003, 0.5981635040946695, 0.1039279815689148, 0.26982961392342186, 0.7226024079548128, 0.4545679943435892, 0.45732069135012265, 0.24033619060499656, 0.0, 0.18738128318394043, 0.4248469869455135, 0.014951908837928518, 0.3068810467102826, 0.26250702180980845, 0.9135387338832472, 0.05963200631379062], [0.7333030141263327, 0.2781784269469626, 0.7735353111603184, 0.36769460009376287, 0.7673379546688943, 0.2674548632710336, 0.40168503683348544, 0.5525292186622098, 0.7967901096937124, 0.7333549120053682, 0.09416921990764726, 0.7684952705323339, 0.18738128318394043, 0.0, 0.6065727994334353, 0.06265885884789524, 0.04576284176423118, 0.6452032699832404, 0.4941522555444583, 0.7847442484723505], [0.25823510381238435, 0.49460702927438904, 0.9474840501293712, 0.7910182154848635, 0.5922466348271949, 0.694937913803745, 0.9035083447686866, 0.6668455413521069, 0.08090464400529851, 0.714375784150417, 0.9531396980961644, 0.5034569647650883, 0.4248469869455135, 0.6065727994334353, 0.0, 0.747789644017971, 0.2010248970347268, 0.3556281337459235, 0.7758458111539592, 0.5316936448358828], [0.8131296859178573, 0.2422978875394356, 0.17398770930483742, 0.4629170153521599, 0.0714492882659642, 0.6375532967869961, 0.8760901374948279, 0.9757980840604159, 0.5284046593908137, 0.4922062626268451, 0.9998053597096075, 0.7378014591474106, 0.014951908837928518, 0.06265885884789524, 0.747789644017971, 0.0, 0.2833138465646804, 0.5245266347736328, 0.24162130177090335, 0.7755022725021508], [0.9297007977163879, 0.6826835928265071, 0.8929065573541632, 0.18715951509526674, 0.846950507053597, 0.13763356404330018, 0.6093322966501378, 0.6632081698592784, 0.3328136009614747, 0.8747530030444811, 0.9591335193173897, 0.08199989938799135, 0.3068810467102826, 0.04576284176423118, 0.2010248970347268, 0.2833138465646804, 0.0, 0.8529597524235064, 0.8987569787214845, 0.16390948272719408], [0.07949115194673972, 0.2860636778981668, 0.7211247319281457, 0.971684347811379, 0.7594676481213075, 0.27838166625034555, 0.8105401396242646, 0.8530761880277493, 0.4397069526052845, 0.48359037474802746, 0.45860259659852787, 0.15991371545829647, 0.26250702180980845, 0.6452032699832404, 0.3556281337459235, 0.5245266347736328, 0.8529597524235064, 0.0, 0.4145260099425543, 0.7499764769740573], [0.43396163334827753, 0.4536350457016106, 0.4006961880665648, 0.9149433903199693, 0.7215093741212474, 0.5582326887130873, 0.5446082475931715, 0.3288071290500313, 0.6112704552608405, 0.8127669168451892, 0.7428390972686941, 0.03851357523491572, 0.9135387338832472, 0.4941522555444583, 0.7758458111539592, 0.24162130177090335, 0.8987569787214845, 0.4145260099425543, 0.0, 0.1963134568788314], [0.8816447758110455, 0.03997885157553993, 0.40175341922712693, 0.37498724364342817, 0.12292678971740312, 0.018099063109580427, 0.9844548105755215, 0.8574667283396575, 0.8473289213646704, 0.21843865026588105, 0.4592111698186425, 0.6042166824976535, 0.05963200631379062, 0.7847442484723505, 0.5316936448358828, 0.7755022725021508, 0.16390948272719408, 0.7499764769740573, 0.1963134568788314, 0.0]], [[0.0, 0.29364283107638267, 0.03455991122572388, 0.03092474448476623, 0.25477217656295936, 0.8539842518658306, 0.4403670786497772, 0.7241422232221351, 0.6100837414429494, 0.4878815086455931, 0.8787493341231217, 0.692887249992861, 0.9581965869778284, 0.23290543131644847, 0.3105941859334158, 0.7549494351739412, 0.6269789056673833, 0.984727032511633, 0.7923269048387966, 0.9486356066097149], [0.29364283107638267, 0.0, 0.027417600115603125, 0.1402327977572242, 0.9188359961613841, 0.8589208289702518, 0.46124301853571825, 0.007840504941208803, 0.8213482739896457, 0.8420770820263058, 0.14067803008804047, 0.4991121384415508, 0.5226863661886463, 0.9090681262361522, 0.2776614266972778, 0.22178888431034227, 0.7572884407455654, 0.8603038692543262, 0.7166789183574641, 0.21248028001373642], [0.03455991122572388, 0.027417600115603125, 0.0, 0.12152940099127474, 0.3079041620895415, 0.5325688208807648, 0.20948509945925453, 0.12566766865697854, 0.32748820026647407, 0.8113679419741205, 0.06406992951649648, 0.6927131421324406, 0.6847058283341987, 0.465559143715223, 0.7043885896120796, 0.23423445466705872, 0.1692058281253973, 0.9838626289729598, 0.2172152863178225, 0.6069291496412664], [0.03092474448476623, 0.1402327977572242, 0.12152940099127474, 0.0, 0.1899774768532878, 0.7239534836514413, 0.07097153080692631, 0.7125721215322625, 0.4094702190381906, 0.2900767096398096, 0.8713694410985571, 0.7350458162640418, 0.48971200855726404, 0.9926653514873656, 0.9372693243558992, 0.07341642268825699, 0.6795848978012842, 0.91658813233736, 0.35992695444967815, 0.7266438777913836], [0.25477217656295936, 0.9188359961613841, 0.3079041620895415, 0.1899774768532878, 0.0, 0.8516124753918094, 0.37273538432309317, 0.05751687768018632, 0.2941232716559111, 0.027566329427358482, 0.27763350077353766, 0.9594768290672898, 0.3253018411819809, 0.10567774185187684, 0.24014509574253584, 0.8939288757141213, 0.2755839535947888, 0.2914647797262372, 0.88591350977733, 0.37953293095006535], [0.8539842518658306, 0.8589208289702518, 0.5325688208807648, 0.7239534836514413, 0.8516124753918094, 0.0, 0.9764784223663581, 0.6888049778561294, 0.8820101613494178, 0.18896608857400454, 0.40257937230602037, 0.7683419183498725, 0.11281949206195818, 0.017951386222030963, 0.8060827573791546, 0.37566006908202376, 0.5013273861587559, 0.863451465256542, 0.8456650080437275, 0.13494078503566942], [0.4403670786497772, 0.46124301853571825, 0.20948509945925453, 0.07097153080692631, 0.37273538432309317, 0.9764784223663581, 0.0, 0.8474730981516472, 0.948082726484626, 0.7047602345531876, 0.5400445396749096, 0.12165973703725008, 0.9558845054716669, 0.9357134268400255, 0.33074689956369574, 0.820362175465882, 0.008974792925078634, 0.83654754547133, 0.3312637619624722, 0.49781243388248486], [0.7241422232221351, 0.007840504941208803, 0.12566766865697854, 0.7125721215322625, 0.05751687768018632, 0.6888049778561294, 0.8474730981516472, 0.0, 0.6697691129234935, 0.8818354827677007, 0.23133667994494989, 0.6470453580806151, 0.6115283251733878, 0.06193761069902015, 0.05826641113952358, 0.007791280900484754, 0.43563856997001693, 0.5485997075144112, 0.3854857012339368, 0.05852751186695615], [0.6100837414429494, 0.8213482739896457, 0.32748820026647407, 0.4094702190381906, 0.2941232716559111, 0.8820101613494178, 0.948082726484626, 0.6697691129234935, 0.0, 0.06284944389014546, 0.28710818448897535, 0.6590718258598763, 0.3973583709517524, 0.6824412569600365, 0.5755038478084005, 0.12482457959361637, 0.4711509782831863, 0.2698128195521404, 0.0014673493149898187, 0.6894728598934449], [0.4878815086455931, 0.8420770820263058, 0.8113679419741205, 0.2900767096398096, 0.027566329427358482, 0.18896608857400454, 0.7047602345531876, 0.8818354827677007, 0.06284944389014546, 0.0, 0.002821901420422268, 0.8985454860011526, 0.9588918155164271, 0.5144283129801606, 0.28170223085545143, 0.24211976441988659, 0.9357797457857833, 0.589681185084585, 0.6365860830702221, 0.5485293396437951], [0.8787493341231217, 0.14067803008804047, 0.06406992951649648, 0.8713694410985571, 0.27763350077353766, 0.40257937230602037, 0.5400445396749096, 0.23133667994494989, 0.28710818448897535, 0.002821901420422268, 0.0, 0.0551646876976154, 0.22115216739027432, 0.33372579035420946, 0.1225028782766584, 0.922913528489157, 0.04868309900718759, 0.8674723061378764, 0.20269472645771724, 0.30233142191753415], [0.692887249992861, 0.4991121384415508, 0.6927131421324406, 0.7350458162640418, 0.9594768290672898, 0.7683419183498725, 0.12165973703725008, 0.6470453580806151, 0.6590718258598763, 0.8985454860011526, 0.0551646876976154, 0.0, 0.3883717877359729, 0.8405156744005182, 0.3275230875397055, 0.10549120143171975, 0.2130803463086839, 0.581002138577653, 0.9788564862770929, 0.5876640124342242], [0.9581965869778284, 0.5226863661886463, 0.6847058283341987, 0.48971200855726404, 0.3253018411819809, 0.11281949206195818, 0.9558845054716669, 0.6115283251733878, 0.3973583709517524, 0.9588918155164271, 0.22115216739027432, 0.3883717877359729, 0.0, 0.8837852164560992, 0.2876411719778674, 0.17053565149379857, 0.1872370905809322, 0.9283629595897335, 0.16580367761445047, 0.16770418842575374], [0.23290543131644847, 0.9090681262361522, 0.465559143715223, 0.9926653514873656, 0.10567774185187684, 0.017951386222030963, 0.9357134268400255, 0.06193761069902015, 0.6824412569600365, 0.5144283129801606, 0.33372579035420946, 0.8405156744005182, 0.8837852164560992, 0.0, 0.727359367570475, 0.1554605579523508, 0.9424667743939863, 0.10961116508664814, 0.8193539993678914, 0.6320433050100979], [0.3105941859334158, 0.2776614266972778, 0.7043885896120796, 0.9372693243558992, 0.24014509574253584, 0.8060827573791546, 0.33074689956369574, 0.05826641113952358, 0.5755038478084005, 0.28170223085545143, 0.1225028782766584, 0.3275230875397055, 0.2876411719778674, 0.727359367570475, 0.0, 0.12151097306437508, 0.47627546028515577, 0.38247116448857565, 0.694352911890901, 0.005813396060764031], [0.7549494351739412, 0.22178888431034227, 0.23423445466705872, 0.07341642268825699, 0.8939288757141213, 0.37566006908202376, 0.820362175465882, 0.007791280900484754, 0.12482457959361637, 0.24211976441988659, 0.922913528489157, 0.10549120143171975, 0.17053565149379857, 0.1554605579523508, 0.12151097306437508, 0.0, 0.5019790892976754, 0.08152382874610942, 0.7424427490070773, 0.6762682865206076], [0.6269789056673833, 0.7572884407455654, 0.1692058281253973, 0.6795848978012842, 0.2755839535947888, 0.5013273861587559, 0.008974792925078634, 0.43563856997001693, 0.4711509782831863, 0.9357797457857833, 0.04868309900718759, 0.2130803463086839, 0.1872370905809322, 0.9424667743939863, 0.47627546028515577, 0.5019790892976754, 0.0, 0.5307048634880825, 0.388786490045946, 0.32876756363088777], [0.984727032511633, 0.8603038692543262, 0.9838626289729598, 0.91658813233736, 0.2914647797262372, 0.863451465256542, 0.83654754547133, 0.5485997075144112, 0.2698128195521404, 0.589681185084585, 0.8674723061378764, 0.581002138577653, 0.9283629595897335, 0.10961116508664814, 0.38247116448857565, 0.08152382874610942, 0.5307048634880825, 0.0, 0.5221093914267949, 0.13557270969703628], [0.7923269048387966, 0.7166789183574641, 0.2172152863178225, 0.35992695444967815, 0.88591350977733, 0.8456650080437275, 0.3312637619624722, 0.3854857012339368, 0.0014673493149898187, 0.6365860830702221, 0.20269472645771724, 0.9788564862770929, 0.16580367761445047, 0.8193539993678914, 0.694352911890901, 0.7424427490070773, 0.388786490045946, 0.5221093914267949, 0.0, 0.3503754051990021], [0.9486356066097149, 0.21248028001373642, 0.6069291496412664, 0.7266438777913836, 0.37953293095006535, 0.13494078503566942, 0.49781243388248486, 0.05852751186695615, 0.6894728598934449, 0.5485293396437951, 0.30233142191753415, 0.5876640124342242, 0.16770418842575374, 0.6320433050100979, 0.005813396060764031, 0.6762682865206076, 0.32876756363088777, 0.13557270969703628, 0.3503754051990021, 0.0]], [[0.0, 0.4156228197898243, 0.24344547193547472, 0.9098461569809667, 0.6856503757721998, 0.5724988337318684, 0.09368523050401623, 0.043124832349134445, 0.15628742448046884, 0.11901118618613815, 0.4707765011046048, 0.8656303314754468, 0.31594026577689194, 0.2555342400050784, 0.28819619004585784, 0.02298495932826261, 0.050748967822140445, 0.5001156222940336, 0.587376697511328, 0.8280337216219364], [0.4156228197898243, 0.0, 0.12773069224912903, 0.8146448179180346, 0.7016295744050184, 0.7343003309909647, 0.5207918403232292, 0.6188007809815701, 0.45275887853470476, 0.9763048149799946, 0.7444938987989793, 0.6654124028077741, 0.3632412985771657, 0.037204597423790786, 0.8604526232007332, 0.008577486901637843, 0.8010466124696828, 0.23935894972999072, 0.5927679502058613, 0.2896323644806318], [0.24344547193547472, 0.12773069224912903, 0.0, 0.7620553286301311, 0.9300452316771175, 0.488107008060669, 0.05689082114946853, 0.34532752133824285, 0.38706180051924555, 0.24048297440461142, 0.04020723168007945, 0.5527514516307995, 0.9040719315277893, 0.10160650534323012, 0.4703478622312416, 0.830122335182154, 0.5925031128131483, 0.5813220002796772, 0.20433262908341043, 0.47583657733453755], [0.9098461569809667, 0.8146448179180346, 0.7620553286301311, 0.0, 0.01847837105323158, 0.6137323879104827, 0.14215837703404688, 0.0749077968057732, 0.3130875711784534, 0.27309679616937255, 0.4160571384629044, 0.8633088548977934, 0.8306384590823964, 0.6933865036558784, 0.6021841713490563, 0.2957726576842399, 0.06361934143376113, 0.36981987072728784, 0.24672819376729738, 0.1996568235863485], [0.6856503757721998, 0.7016295744050184, 0.9300452316771175, 0.01847837105323158, 0.0, 0.6996658469983053, 0.3955280827989295, 0.687636214094129, 0.6126202200976283, 0.7293781557595413, 0.9258088500044633, 0.7922040691390297, 0.20211086286442104, 0.3906098394125255, 0.9918707802020206, 0.09514986345532084, 0.2425679683637506, 0.9325513238323625, 0.5976396993852411, 0.41877844143118703], [0.5724988337318684, 0.7343003309909647, 0.488107008060669, 0.6137323879104827, 0.6996658469983053, 0.0, 0.8426152011090206, 0.7018571582016596, 0.9034926352373536, 0.8967199206113311, 0.2043989887807366, 0.6306905972117328, 0.6901991383175042, 0.8298038152238638, 0.9524105634161892, 0.943682655219632, 0.5692697135336752, 0.1711726906725557, 0.8055481215029973, 0.0017601441670800355], [0.09368523050401623, 0.5207918403232292, 0.05689082114946853, 0.14215837703404688, 0.3955280827989295, 0.8426152011090206, 0.0, 0.3850868324238297, 0.6876181965981714, 0.26263449955282436, 0.2239874086057726, 0.3886206759040741, 0.8556816007573843, 0.8147297581330247, 0.44636370052095653, 0.517119519377941, 0.49892137379813006, 0.6648736932577898, 0.25860147430271363, 0.019953296301554513], [0.043124832349134445, 0.6188007809815701, 0.34532752133824285, 0.0749077968057732, 0.687636214094129, 0.7018571582016596, 0.3850868324238297, 0.0, 0.3335042658315799, 0.4390354615626716, 0.4942518726686137, 0.7358551418171437, 0.6040106040281198, 0.996785488310415, 0.30216660430300446, 0.8805637766372373, 0.12494802977220465, 0.3608136449816708, 0.06568356396162023, 0.2353305534830359], [0.15628742448046884, 0.45275887853470476, 0.38706180051924555, 0.3130875711784534, 0.6126202200976283, 0.9034926352373536, 0.6876181965981714, 0.3335042658315799, 0.0, 0.33210031481355595, 0.23296079495688948, 0.5499093176796872, 0.8182313980933386, 0.4954854030929241, 0.2070245736570212, 0.8170911189277091, 0.5882759903531115, 0.03748497024613606, 0.37607231303624333, 0.988673877687608], [0.11901118618613815, 0.9763048149799946, 0.24048297440461142, 0.27309679616937255, 0.7293781557595413, 0.8967199206113311, 0.26263449955282436, 0.4390354615626716, 0.33210031481355595, 0.0, 0.29390270054503176, 0.7679446539742523, 0.6380744855914096, 0.41380370788551357, 0.5993578797355721, 0.3012688689772973, 0.14906273992850572, 0.26486963643552086, 0.24128185980671235, 0.45299233238446723], [0.4707765011046048, 0.7444938987989793, 0.04020723168007945, 0.4160571384629044, 0.9258088500044633, 0.2043989887807366, 0.2239874086057726, 0.4942518726686137, 0.23296079495688948, 0.29390270054503176, 0.0, 0.2329552273462654, 0.770672869162092, 0.5511019692973437, 0.14163404396941848, 0.266497504014678, 0.491538583649456, 0.9596791114716319, 0.5712796594575691, 0.32909405195738206], [0.8656303314754468, 0.6654124028077741, 0.5527514516307995, 0.8633088548977934, 0.7922040691390297, 0.6306905972117328, 0.3886206759040741, 0.7358551418171437, 0.5499093176796872, 0.7679446539742523, 0.2329552273462654, 0.0, 0.27326680256965874, 0.07911499794502652, 0.9954993855309011, 0.7584437326363979, 0.9476857886877436, 0.5008847779662375, 0.5309015872188261, 0.9341607415638082], [0.31594026577689194, 0.3632412985771657, 0.9040719315277893, 0.8306384590823964, 0.20211086286442104, 0.6901991383175042, 0.8556816007573843, 0.6040106040281198, 0.8182313980933386, 0.6380744855914096, 0.770672869162092, 0.27326680256965874, 0.0, 0.2468677728713925, 0.6935044773430203, 0.06194666842828689, 0.9982974306031881, 0.3640856596916556, 0.1552479153435512, 0.8586830844231832], [0.2555342400050784, 0.037204597423790786, 0.10160650534323012, 0.6933865036558784, 0.3906098394125255, 0.8298038152238638, 0.8147297581330247, 0.996785488310415, 0.4954854030929241, 0.41380370788551357, 0.5511019692973437, 0.07911499794502652, 0.2468677728713925, 0.0, 0.3341458339233906, 0.42183711203816887, 0.42207291899365684, 0.9316336679280918, 0.007496671970446345, 0.4848321408691707], [0.28819619004585784, 0.8604526232007332, 0.4703478622312416, 0.6021841713490563, 0.9918707802020206, 0.9524105634161892, 0.44636370052095653, 0.30216660430300446, 0.2070245736570212, 0.5993578797355721, 0.14163404396941848, 0.9954993855309011, 0.6935044773430203, 0.3341458339233906, 0.0, 0.7508898426821674, 0.29115145377985086, 0.12283060497700893, 0.6375330783626442, 0.35073476276652904], [0.02298495932826261, 0.008577486901637843, 0.830122335182154, 0.2957726576842399, 0.09514986345532084, 0.943682655219632, 0.517119519377941, 0.8805637766372373, 0.8170911189277091, 0.3012688689772973, 0.266497504014678, 0.7584437326363979, 0.06194666842828689, 0.42183711203816887, 0.7508898426821674, 0.0, 0.5070632700715877, 0.34793397932024717, 0.9561859123895112, 0.24032902630165554], [0.050748967822140445, 0.8010466124696828, 0.5925031128131483, 0.06361934143376113, 0.2425679683637506, 0.5692697135336752, 0.49892137379813006, 0.12494802977220465, 0.5882759903531115, 0.14906273992850572, 0.491538583649456, 0.9476857886877436, 0.9982974306031881, 0.42207291899365684, 0.29115145377985086, 0.5070632700715877, 0.0, 0.7738041161779338, 0.23709269908581299, 0.34023533382315263], [0.5001156222940336, 0.23935894972999072, 0.5813220002796772, 0.36981987072728784, 0.9325513238323625, 0.1711726906725557, 0.6648736932577898, 0.3608136449816708, 0.03748497024613606, 0.26486963643552086, 0.9596791114716319, 0.5008847779662375, 0.3640856596916556, 0.9316336679280918, 0.12283060497700893, 0.34793397932024717, 0.7738041161779338, 0.0, 0.06864794635631344, 0.39533013163765507], [0.587376697511328, 0.5927679502058613, 0.20433262908341043, 0.24672819376729738, 0.5976396993852411, 0.8055481215029973, 0.25860147430271363, 0.06568356396162023, 0.37607231303624333, 0.24128185980671235, 0.5712796594575691, 0.5309015872188261, 0.1552479153435512, 0.007496671970446345, 0.6375330783626442, 0.9561859123895112, 0.23709269908581299, 0.06864794635631344, 0.0, 0.5383821807539727], [0.8280337216219364, 0.2896323644806318, 0.47583657733453755, 0.1996568235863485, 0.41877844143118703, 0.0017601441670800355, 0.019953296301554513, 0.2353305534830359, 0.988673877687608, 0.45299233238446723, 0.32909405195738206, 0.9341607415638082, 0.8586830844231832, 0.4848321408691707, 0.35073476276652904, 0.24032902630165554, 0.34023533382315263, 0.39533013163765507, 0.5383821807539727, 0.0]], [[0.0, 0.847738551031344, 0.48984201081694423, 0.7588729198866813, 0.31361727015244023, 0.8761351006309779, 0.09257769912639047, 0.3816116234342769, 0.6002718590257218, 0.34889261468351096, 0.9840887689676217, 0.458976866512144, 0.8368550419212623, 0.9962056810897549, 0.25009580290682776, 0.8290627957736508, 0.2455898007473446, 0.8695244177967508, 0.19794222209869894, 0.9881601889435138], [0.847738551031344, 0.0, 0.48918756605137037, 0.5178218296642925, 0.8012737274030217, 0.22029863557149998, 0.8006215359123194, 0.22706320573749572, 0.8168163714322152, 0.43864318280354053, 0.5910960162860341, 0.12322604255743197, 0.32537000101679514, 0.41461218813451184, 0.7803058965329149, 0.726966701512543, 0.3331770538960903, 0.7580940076572117, 0.3960293375668088, 0.9217731119873646], [0.48984201081694423, 0.48918756605137037, 0.0, 0.04169254241424458, 0.4725566304867209, 0.9947858080684059, 0.3903346529177394, 0.9741550588662392, 0.4480526989087641, 0.5887993600226805, 0.20230671596849148, 0.9969336962040036, 0.09412392503142952, 0.2000713151703063, 0.9070249442871658, 0.3964958136500464, 0.13080637665801031, 0.8799109890503236, 0.5528810771763853, 0.7855405814766545], [0.7588729198866813, 0.5178218296642925, 0.04169254241424458, 0.0, 0.5764069392536924, 0.6311188289254417, 0.19824884971300916, 0.9747805751435596, 0.8491803551117786, 0.781448966691042, 0.48899711735174956, 0.013283260752241843, 0.8274152630743631, 0.35354765480560213, 0.416811663010356, 0.3165760982515873, 0.7112461161275287, 0.5980497952388453, 0.7342992339919295, 0.6433775056574194], [0.31361727015244023, 0.8012737274030217, 0.4725566304867209, 0.5764069392536924, 0.0, 0.07832951506146146, 0.08920651765752852, 0.58925504253398, 0.9789838885734103, 0.8825751386480812, 0.0472722018123497, 0.8145043504201012, 0.06430597555112072, 0.3473153301126827, 0.581154665386219, 0.7989727155484372, 0.9289624754145845, 0.0872778288058238, 0.7055265146907351, 0.6976261288197576], [0.8761351006309779, 0.22029863557149998, 0.9947858080684059, 0.6311188289254417, 0.07832951506146146, 0.0, 0.36465738492767574, 0.0016916946775552555, 0.3073610162471073, 0.8839932715744568, 0.1415953823679308, 0.3798933649964631, 0.8968549921942471, 0.46058360655546127, 0.6424203615675844, 0.1489063243907499, 0.4282286561878199, 0.04467096838438245, 0.25209413389907176, 0.06573072499526911], [0.09257769912639047, 0.8006215359123194, 0.3903346529177394, 0.19824884971300916, 0.08920651765752852, 0.36465738492767574, 0.0, 0.7764050720657801, 0.8508088587470384, 0.1636110827666476, 0.5106346090843996, 0.9675957090278818, 0.026263598695476564, 0.3112428857698566, 0.7831085908855492, 0.7604224862584065, 0.030072413542603482, 0.7992001203513573, 0.11350913401782936, 0.9918947368822718], [0.3816116234342769, 0.22706320573749572, 0.9741550588662392, 0.9747805751435596, 0.58925504253398, 0.0016916946775552555, 0.7764050720657801, 0.0, 0.9669658461986788, 0.37021459332016105, 0.5426782172158411, 0.44589941539156785, 0.7783109306540593, 0.5852605477956205, 0.21203474745936512, 0.887202305326717, 0.900141715474119, 0.7538548021101731, 0.18603896404091325, 0.6113881406275288], [0.6002718590257218, 0.8168163714322152, 0.4480526989087641, 0.8491803551117786, 0.9789838885734103, 0.3073610162471073, 0.8508088587470384, 0.9669658461986788, 0.0, 0.8738404690922801, 0.21960871890350941, 0.38838461492177057, 0.3959464989694499, 0.9424338774520802, 0.5209146738101672, 0.4885154096761034, 0.4641114968315223, 0.729826675725444, 0.03389069435047609, 0.8779999400263593], [0.34889261468351096, 0.43864318280354053, 0.5887993600226805, 0.781448966691042, 0.8825751386480812, 0.8839932715744568, 0.1636110827666476, 0.37021459332016105, 0.8738404690922801, 0.0, 0.3121354685013257, 0.49844560371905744, 0.755288644273774, 0.7765864049544243, 0.10989716006918893, 0.3274549455543537, 0.9190675173895844, 0.6851769256291501, 0.9414287821891042, 0.9865459377385799], [0.9840887689676217, 0.5910960162860341, 0.20230671596849148, 0.48899711735174956, 0.0472722018123497, 0.1415953823679308, 0.5106346090843996, 0.5426782172158411, 0.21960871890350941, 0.3121354685013257, 0.0, 0.6120499697175076, 0.7901332069076229, 0.4408785514928215, 0.9733162218452298, 0.3209700713312975, 0.12587555036093978, 0.7652640378996381, 0.1189683748816246, 0.28675645105239855], [0.458976866512144, 0.12322604255743197, 0.9969336962040036, 0.013283260752241843, 0.8145043504201012, 0.3798933649964631, 0.9675957090278818, 0.44589941539156785, 0.38838461492177057, 0.49844560371905744, 0.6120499697175076, 0.0, 0.8522989245108413, 0.5303412585320187, 0.3134298784254763, 0.5431362537167257, 0.7716074799948891, 0.28866209420973754, 0.3678446347296971, 0.044555139469622085], [0.8368550419212623, 0.32537000101679514, 0.09412392503142952, 0.8274152630743631, 0.06430597555112072, 0.8968549921942471, 0.026263598695476564, 0.7783109306540593, 0.3959464989694499, 0.755288644273774, 0.7901332069076229, 0.8522989245108413, 0.0, 0.10364775574625651, 0.8325873874069554, 0.31909989930194615, 0.2676580474045046, 0.5668444649813279, 0.7965820395674742, 0.42327097243060574], [0.9962056810897549, 0.41461218813451184, 0.2000713151703063, 0.35354765480560213, 0.3473153301126827, 0.46058360655546127, 0.3112428857698566, 0.5852605477956205, 0.9424338774520802, 0.7765864049544243, 0.4408785514928215, 0.5303412585320187, 0.10364775574625651, 0.0, 0.12455498019090905, 0.09555927346028403, 0.07361760908434878, 0.6720089968611008, 0.7391033761430397, 0.5254352038850353], [0.25009580290682776, 0.7803058965329149, 0.9070249442871658, 0.416811663010356, 0.581154665386219, 0.6424203615675844, 0.7831085908855492, 0.21203474745936512, 0.5209146738101672, 0.10989716006918893, 0.9733162218452298, 0.3134298784254763, 0.8325873874069554, 0.12455498019090905, 0.0, 0.05862017533951469, 0.3340385708194904, 0.604545072541781, 0.8858799095689294, 0.95840023114155], [0.8290627957736508, 0.726966701512543, 0.3964958136500464, 0.3165760982515873, 0.7989727155484372, 0.1489063243907499, 0.7604224862584065, 0.887202305326717, 0.4885154096761034, 0.3274549455543537, 0.3209700713312975, 0.5431362537167257, 0.31909989930194615, 0.09555927346028403, 0.05862017533951469, 0.0, 0.03295910799316637, 0.4958052766080402, 0.31260803428810446, 0.2505142799383474], [0.2455898007473446, 0.3331770538960903, 0.13080637665801031, 0.7112461161275287, 0.9289624754145845, 0.4282286561878199, 0.030072413542603482, 0.900141715474119, 0.4641114968315223, 0.9190675173895844, 0.12587555036093978, 0.7716074799948891, 0.2676580474045046, 0.07361760908434878, 0.3340385708194904, 0.03295910799316637, 0.0, 0.9638963102969069, 0.5770650176293816, 0.18669654583479556], [0.8695244177967508, 0.7580940076572117, 0.8799109890503236, 0.5980497952388453, 0.0872778288058238, 0.04467096838438245, 0.7992001203513573, 0.7538548021101731, 0.729826675725444, 0.6851769256291501, 0.7652640378996381, 0.28866209420973754, 0.5668444649813279, 0.6720089968611008, 0.604545072541781, 0.4958052766080402, 0.9638963102969069, 0.0, 0.4703560762714776, 0.4330770232871457], [0.19794222209869894, 0.3960293375668088, 0.5528810771763853, 0.7342992339919295, 0.7055265146907351, 0.25209413389907176, 0.11350913401782936, 0.18603896404091325, 0.03389069435047609, 0.9414287821891042, 0.1189683748816246, 0.3678446347296971, 0.7965820395674742, 0.7391033761430397, 0.8858799095689294, 0.31260803428810446, 0.5770650176293816, 0.4703560762714776, 0.0, 0.0892549121949856], [0.9881601889435138, 0.9217731119873646, 0.7855405814766545, 0.6433775056574194, 0.6976261288197576, 0.06573072499526911, 0.9918947368822718, 0.6113881406275288, 0.8779999400263593, 0.9865459377385799, 0.28675645105239855, 0.044555139469622085, 0.42327097243060574, 0.5254352038850353, 0.95840023114155, 0.2505142799383474, 0.18669654583479556, 0.4330770232871457, 0.0892549121949856, 0.0]], [[0.0, 0.20429347541144105, 0.06898318228958844, 0.9371088193591748, 0.5218176537141413, 0.8695064340184007, 0.3965761897967053, 0.18504736934889887, 0.26928860632495877, 0.15798620628350557, 0.40170075445570685, 0.9453293511127422, 0.1277632743462851, 0.8350047322498713, 0.8325670808243744, 0.7527687900336374, 0.17623058136423952, 0.156206315957527, 0.5283263584184492, 0.22596123952900982], [0.20429347541144105, 0.0, 0.5138036996778186, 0.5179324204877687, 0.33954220476791275, 0.16406358519018005, 0.10959605593081534, 0.06358287030922127, 0.5665225900162175, 0.9179220380548365, 0.33065329691546697, 0.3604813413342791, 0.19368613383880762, 0.6384408262759834, 0.6848147872658038, 0.48344591565200934, 0.6794344134702016, 0.39427488884426565, 0.3678504719603548, 0.949817470079502], [0.06898318228958844, 0.5138036996778186, 0.0, 0.7298755439794361, 0.26830309191787494, 0.838630302500022, 0.6262623687461634, 0.8117038861492518, 0.44611362978053914, 0.3398160070097599, 0.2352104610259682, 0.5407564667993902, 0.4011957757377994, 0.26359236267323183, 0.040278506186263274, 0.9884234550898863, 0.6006196487707154, 0.7629462435106601, 0.729062919570257, 0.11345462157617558], [0.9371088193591748, 0.5179324204877687, 0.7298755439794361, 0.0, 0.526465238950899, 0.6364133740741474, 0.6817774115771529, 0.18617044829187146, 0.7679488048828641, 0.36687389183741426, 0.35888564800607337, 0.5085415874526529, 0.19795056267557987, 0.33499190637659393, 0.3439728622262529, 0.9322206934562038, 0.8515828234364168, 0.33136505188839316, 0.35536620330179014, 0.2659173142456064], [0.5218176537141413, 0.33954220476791275, 0.26830309191787494, 0.526465238950899, 0.0, 0.7502423051931509, 0.33025889099664507, 0.722369251799862, 0.018036478424033442, 0.7760452198478616, 0.2771948032308471, 0.11163697561840091, 0.759265944860116, 0.9633830095263092, 0.4275033808628266, 0.21327914471239573, 0.4283864872320874, 0.11678300688512877, 0.10089933365318748, 0.9106559032010272], [0.8695064340184007, 0.16406358519018005, 0.838630302500022, 0.6364133740741474, 0.7502423051931509, 0.0, 0.8680309934169649, 0.008733003477055523, 0.34041890027582034, 0.2881397587069656, 0.6431629302304183, 0.16302029683850283, 0.5226078708704535, 0.5781137590139032, 0.2052385290540628, 0.037430497673504703, 0.28959638275844335, 0.9902324502710006, 0.32328013342522877, 0.720226365339754], [0.3965761897967053, 0.10959605593081534, 0.6262623687461634, 0.6817774115771529, 0.33025889099664507, 0.8680309934169649, 0.0, 0.6198364324293114, 0.4983785037911095, 0.3544642400212906, 0.8601344165104742, 0.4202322497796672, 0.5586633253342211, 0.23755050570064928, 0.7226003159264991, 0.9852933841577404, 0.8695626418281205, 0.8267001102066489, 0.15388628364146661, 0.2901419655926063], [0.18504736934889887, 0.06358287030922127, 0.8117038861492518, 0.18617044829187146, 0.722369251799862, 0.008733003477055523, 0.6198364324293114, 0.0, 0.30481033490933573, 0.5820243419727086, 0.0039879388225085854, 0.34150597515134606, 0.30072719964589445, 0.9654023092539632, 0.11724026544120014, 0.022398481676318194, 0.9479411887464534, 0.6029836876190696, 0.9564177303217272, 0.2862101654629299], [0.26928860632495877, 0.5665225900162175, 0.44611362978053914, 0.7679488048828641, 0.018036478424033442, 0.34041890027582034, 0.4983785037911095, 0.30481033490933573, 0.0, 0.022408857630388912, 0.3137685596032519, 0.33592556344665103, 0.6788604925258116, 0.5051732141355623, 0.150808193655115, 0.9951919045529122, 0.4463426388474371, 0.4016806119366825, 0.06187234320224344, 0.40658418737174074], [0.15798620628350557, 0.9179220380548365, 0.3398160070097599, 0.36687389183741426, 0.7760452198478616, 0.2881397587069656, 0.3544642400212906, 0.5820243419727086, 0.022408857630388912, 0.0, 0.13723521827954743, 0.2329805667631527, 0.33952006972321025, 0.498874140860619, 0.8238024324448496, 0.40524165978920434, 0.41907014128433984, 0.032565620612032165, 0.8147872509884921, 0.18579954659061348], [0.40170075445570685, 0.33065329691546697, 0.2352104610259682, 0.35888564800607337, 0.2771948032308471, 0.6431629302304183, 0.8601344165104742, 0.0039879388225085854, 0.3137685596032519, 0.13723521827954743, 0.0, 0.36198450417590833, 0.7459183764941676, 0.5477800627648608, 0.7270529501805918, 0.7643538887040103, 0.5778910831233721, 0.08143829174463679, 0.6668816811975351, 0.9491204705720603], [0.9453293511127422, 0.3604813413342791, 0.5407564667993902, 0.5085415874526529, 0.11163697561840091, 0.16302029683850283, 0.4202322497796672, 0.34150597515134606, 0.33592556344665103, 0.2329805667631527, 0.36198450417590833, 0.0, 0.18694847778012402, 0.9506145112784233, 0.4736626113156278, 0.928438369045944, 0.9099110197261993, 0.7626516751923497, 0.7013219782191532, 0.05219929592055872], [0.1277632743462851, 0.19368613383880762, 0.4011957757377994, 0.19795056267557987, 0.759265944860116, 0.5226078708704535, 0.5586633253342211, 0.30072719964589445, 0.6788604925258116, 0.33952006972321025, 0.7459183764941676, 0.18694847778012402, 0.0, 0.07643046550504429, 0.6630436684758857, 0.40904581803972573, 0.7801196212970793, 0.21745253354331584, 0.7995978429973362, 0.46182525412664643], [0.8350047322498713, 0.6384408262759834, 0.26359236267323183, 0.33499190637659393, 0.9633830095263092, 0.5781137590139032, 0.23755050570064928, 0.9654023092539632, 0.5051732141355623, 0.498874140860619, 0.5477800627648608, 0.9506145112784233, 0.07643046550504429, 0.0, 0.21785704703614528, 0.5543451325568681, 0.5094830482941646, 0.3807440369039542, 0.3790513938841844, 0.23678832576422926], [0.8325670808243744, 0.6848147872658038, 0.040278506186263274, 0.3439728622262529, 0.4275033808628266, 0.2052385290540628, 0.7226003159264991, 0.11724026544120014, 0.150808193655115, 0.8238024324448496, 0.7270529501805918, 0.4736626113156278, 0.6630436684758857, 0.21785704703614528, 0.0, 0.666240840158938, 0.28005546177298035, 0.5637516317131169, 0.42084099264395525, 0.8895573213221907], [0.7527687900336374, 0.48344591565200934, 0.9884234550898863, 0.9322206934562038, 0.21327914471239573, 0.037430497673504703, 0.9852933841577404, 0.022398481676318194, 0.9951919045529122, 0.40524165978920434, 0.7643538887040103, 0.928438369045944, 0.40904581803972573, 0.5543451325568681, 0.666240840158938, 0.0, 0.15160729035715448, 0.20793196134449465, 0.3413794713018137, 0.6969541833250248], [0.17623058136423952, 0.6794344134702016, 0.6006196487707154, 0.8515828234364168, 0.4283864872320874, 0.28959638275844335, 0.8695626418281205, 0.9479411887464534, 0.4463426388474371, 0.41907014128433984, 0.5778910831233721, 0.9099110197261993, 0.7801196212970793, 0.5094830482941646, 0.28005546177298035, 0.15160729035715448, 0.0, 0.428757981699148, 0.783346798474465, 0.9278289447386773], [0.156206315957527, 0.39427488884426565, 0.7629462435106601, 0.33136505188839316, 0.11678300688512877, 0.9902324502710006, 0.8267001102066489, 0.6029836876190696, 0.4016806119366825, 0.032565620612032165, 0.08143829174463679, 0.7626516751923497, 0.21745253354331584, 0.3807440369039542, 0.5637516317131169, 0.20793196134449465, 0.428757981699148, 0.0, 0.7588148405269305, 0.8551098659950542], [0.5283263584184492, 0.3678504719603548, 0.729062919570257, 0.35536620330179014, 0.10089933365318748, 0.32328013342522877, 0.15388628364146661, 0.9564177303217272, 0.06187234320224344, 0.8147872509884921, 0.6668816811975351, 0.7013219782191532, 0.7995978429973362, 0.3790513938841844, 0.42084099264395525, 0.3413794713018137, 0.783346798474465, 0.7588148405269305, 0.0, 0.8373394292897645], [0.22596123952900982, 0.949817470079502, 0.11345462157617558, 0.2659173142456064, 0.9106559032010272, 0.720226365339754, 0.2901419655926063, 0.2862101654629299, 0.40658418737174074, 0.18579954659061348, 0.9491204705720603, 0.05219929592055872, 0.46182525412664643, 0.23678832576422926, 0.8895573213221907, 0.6969541833250248, 0.9278289447386773, 0.8551098659950542, 0.8373394292897645, 0.0]], [[0.0, 0.37035067731762805, 0.2420260706288624, 0.5522237281477707, 0.1461345152109952, 0.6167138179757826, 0.8784406981386225, 0.25241942975495424, 0.5725533922458621, 0.07735557538620197, 0.8960901670812438, 0.9239725282572022, 0.3237164069009538, 0.9851306999218017, 0.4401610207165576, 0.0019336053151443044, 0.6032177242737975, 0.18746344665607917, 0.48832775822994656, 0.8265137827914438], [0.37035067731762805, 0.0, 0.47055735125666087, 0.12328821928580758, 0.35228346273992495, 0.11470376903468127, 0.9833694535992855, 0.520561417671173, 0.7207497559429746, 0.9880536774862059, 0.42709695944188986, 0.030623453249887467, 0.872288900837407, 0.540426369239551, 0.8273459566146366, 0.3978084209465398