[[[0.0, 0.0005519335687209637, 0.37178662555770126], [0.0005519335687209637, 0.0, 0.22064684527649836], [0.37178662555770126, 0.22064684527649836, 0.0]], [[0.0, 0.7462404306485133, 0.5838632708355018], [0.7462404306485133, 0.0, 0.5284295580467072], [0.5838632708355018, 0.5284295580467072, 0.0]], [[0.0, 0.8368964651467632, 0.8394360454208057], [0.8368964651467632, 0.0, 0.27869005255623747], [0.8394360454208057, 0.27869005255623747, 0.0]], [[0.0, 0.9311040398871541, 0.7228744645049596], [0.9311040398871541, 0.0, 0.48197105110640825], [0.7228744645049596, 0.48197105110640825, 0.0]], [[0.0, 0.2329606802002735, 0.6439254813030463], [0.2329606802002735, 0.0, 0.6748472181788634], [0.6439254813030463, 0.6748472181788634, 0.0]], [[0.0, 0.10865166349568767, 0.8185379365083472], [0.10865166349568767, 0.0, 0.04892130746696055], [0.8185379365083472, 0.04892130746696055, 0.0]], [[0.0, 0.21315345515832396, 0.9572071808098725], [0.21315345515832396, 0.0, 0.8432009082585165], [0.9572071808098725, 0.8432009082585165, 0.0]], [[0.0, 0.0705001297159572, 0.5752244499708347], [0.0705001297159572, 0.0, 0.11280229289315036], [0.5752244499708347, 0.11280229289315036, 0.0]], [[0.0, 0.29558270950731746, 0.5635880990614311], [0.29558270950731746, 0.0, 0.7780056334588548], [0.5635880990614311, 0.7780056334588548, 0.0]], [[0.0, 0.7792207028331729, 0.8590161481622828], [0.7792207028331729, 0.0, 0.63809110859972], [0.8590161481622828, 0.63809110859972, 0.0]], [[0.0, 0.20612383971015624, 0.8334555720172462], [0.20612383971015624, 0.0, 0.3597698816602575], [0.8334555720172462, 0.3597698816602575, 0.0]], [[0.0, 0.07826988403253199, 0.6512438310897325], [0.07826988403253199, 0.0, 0.605454289015063], [0.6512438310897325, 0.605454289015063, 0.0]], [[0.0, 0.8523556513833571, 0.08934887254270485], [0.8523556513833571, 0.0, 0.034374566294733455], [0.08934887254270485, 0.034374566294733455, 0.0]], [[0.0, 0.04568307125019111, 0.42760119148135733], [0.04568307125019111, 0.0, 0.8630027651625715], [0.42760119148135733, 0.8630027651625715, 0.0]], [[0.0, 0.15298945033534173, 0.8780118738091585], [0.15298945033534173, 0.0, 0.588006786190679], [0.8780118738091585, 0.588006786190679, 0.0]], [[0.0, 0.4884477667239864, 0.2027530460683009], [0.4884477667239864, 0.0, 0.9284718089862241], [0.2027530460683009, 0.9284718089862241, 0.0]], [[0.0, 0.6214026998809448, 0.006622812173928461], [0.6214026998809448, 0.0, 0.30889591266739513], [0.006622812173928461, 0.30889591266739513, 0.0]], [[0.0, 0.8813219658776209, 0.2504860701590417], [0.8813219658776209, 0.0, 0.9308464776581816], [0.2504860701590417, 0.9308464776581816, 0.0]], [[0.0, 0.9929528920675628, 0.5416230304605372], [0.9929528920675628, 0.0, 0.27101588836727764], [0.5416230304605372, 0.27101588836727764, 0.0]], [[0.0, 0.9485655907020693, 0.4941717375884511], [0.9485655907020693, 0.0, 0.3235642324401402], [0.4941717375884511, 0.3235642324401402, 0.0]], [[0.0, 0.2807952450083788, 0.4588518139676463], [0.2807952450083788, 0.0, 0.49707007769654066], [0.4588518139676463, 0.49707007769654066, 0.0]], [[0.0, 0.24547668115597154, 0.0015367514449031727], [0.24547668115597154, 0.0, 0.591526568444726], [0.0015367514449031727, 0.591526568444726, 0.0]], [[0.0, 0.020567803770025095, 0.8372028313491211], [0.020567803770025095, 0.0, 0.4372778989210995], [0.8372028313491211, 0.4372778989210995, 0.0]], [[0.0, 0.6338256505631087, 0.7036360678678846], [0.6338256505631087, 0.0, 0.723512990315084], [0.7036360678678846, 0.723512990315084, 0.0]], [[0.0, 0.8238964771364522, 0.23950020594347787], [0.8238964771364522, 0.0, 0.06161642855497129], [0.23950020594347787, 0.06161642855497129, 0.0]], [[0.0, 0.4279912494075706, 0.28950647865038126], [0.4279912494075706, 0.0, 0.4108514216974314], [0.28950647865038126, 0.4108514216974314, 0.0]], [[0.0, 0.19347542677538043, 0.9361138071876134], [0.19347542677538043, 0.0, 0.34863231526157], [0.9361138071876134, 0.34863231526157, 0.0]], [[0.0, 0.059039722686555995, 0.5460725173095995], [0.059039722686555995, 0.0, 0.9729071112651139], [0.5460725173095995, 0.9729071112651139, 0.0]], [[0.0, 0.585664657502451, 0.33398771721042275], [0.585664657502451, 0.0, 0.005335651133751007], [0.33398771721042275, 0.005335651133751007, 0.0]], [[0.0, 0.5021374270465343, 0.9255779477687547], [0.5021374270465343, 0.0, 0.1489281575622723], [0.9255779477687547, 0.1489281575622723, 0.0]], [[0.0, 0.4953072023085362, 0.4203551506845512], [0.4953072023085362, 0.0, 0.8502722685803986], [0.4203551506845512, 0.8502722685803986, 0.0]], [[0.0, 0.4122551350489303, 0.8996259740640047], [0.4122551350489303, 0.0, 0.46084605301873294], [0.8996259740640047, 0.46084605301873294, 0.0]], [[0.0, 0.009321939466198526, 0.52101671496987], [0.009321939466198526, 0.0, 0.9054894801218599], [0.52101671496987, 0.9054894801218599, 0.0]], [[0.0, 0.03186953673584492, 0.8630937104644948], [0.03186953673584492, 0.0, 0.40075506964163743], [0.8630937104644948, 0.40075506964163743, 0.0]], [[0.0, 0.46651474226034706, 0.4703253923820674], [0.46651474226034706, 0.0, 0.42929299259732334], [0.4703253923820674, 0.42929299259732334, 0.0]], [[0.0, 0.921320611928783, 0.7504448106288519], [0.921320611928783, 0.0, 0.7923738146114763], [0.7504448106288519, 0.7923738146114763, 0.0]], [[0.0, 0.2482154187548442, 0.8396705588673424], [0.2482154187548442, 0.0, 0.5304805287690635], [0.8396705588673424, 0.5304805287690635, 0.0]], [[0.0, 0.001698968321331984, 0.21055519500264375], [0.001698968321331984, 0.0, 0.4073896770081299], [0.21055519500264375, 0.4073896770081299, 0.0]], [[0.0, 0.7792631372403327, 0.9590786337368933], [0.7792631372403327, 0.0, 0.3269249856069677], [0.9590786337368933, 0.3269249856069677, 0.0]], [[0.0, 0.3396553056974584, 0.35374731013457783], [0.3396553056974584, 0.0, 0.3633224365481862], [0.35374731013457783, 0.3633224365481862, 0.0]], [[0.0, 0.797920737140135, 0.6954383904983122], [0.797920737140135, 0.0, 0.5803754505235931], [0.6954383904983122, 0.5803754505235931, 0.0]], [[0.0, 0.5942740947103129, 0.13454477699545075], [0.5942740947103129, 0.0, 0.08408166604768808], [0.13454477699545075, 0.08408166604768808, 0.0]], [[0.0, 0.3771310212758878, 0.9102161754639636], [0.3771310212758878, 0.0, 0.06435089924270287], [0.9102161754639636, 0.06435089924270287, 0.0]], [[0.0, 0.03566768779680085, 0.006831930339173176], [0.03566768779680085, 0.0, 0.42897458663536336], [0.006831930339173176, 0.42897458663536336, 0.0]], [[0.0, 0.9355097082382319, 0.5760549074803953], [0.9355097082382319, 0.0, 0.24816581141370464], [0.5760549074803953, 0.24816581141370464, 0.0]], [[0.0, 0.825593298875885, 0.07570344036881316], [0.825593298875885, 0.0, 0.3247356752764199], [0.07570344036881316, 0.3247356752764199, 0.0]], [[0.0, 0.037990343205264177, 0.5858623229727781], [0.037990343205264177, 0.0, 0.7221159183381967], [0.5858623229727781, 0.7221159183381967, 0.0]], [[0.0, 0.9096548844768255, 0.18288430833697422], [0.9096548844768255, 0.0, 0.7393090150389902], [0.18288430833697422, 0.7393090150389902, 0.0]], [[0.0, 0.7084168265175579, 0.9373245976452598], [0.7084168265175579, 0.0, 0.8899951429468766], [0.9373245976452598, 0.8899951429468766, 0.0]], [[0.0, 0.8189802437248971, 0.7062872017084397], [0.8189802437248971, 0.0, 0.6014490607700737], [0.7062872017084397, 0.6014490607700737, 0.0]], [[0.0, 0.7942631647995306, 0.999433475678757], [0.7942631647995306, 0.0, 0.9282878350667626], [0.999433475678757, 0.9282878350667626, 0.0]], [[0.0, 0.16779434650956204, 0.16812149545114197], [0.16779434650956204, 0.0, 0.24027264426670591], [0.16812149545114197, 0.24027264426670591, 0.0]], [[0.0, 0.5157441838734085, 0.29263656011856976], [0.5157441838734085, 0.0, 0.8019505168456499], [0.29263656011856976, 0.8019505168456499, 0.0]], [[0.0, 0.15856327394313952, 0.21694456904682302], [0.15856327394313952, 0.0, 0.9451046534694778], [0.21694456904682302, 0.9451046534694778, 0.0]], [[0.0, 0.7301176291601604, 0.6388054701501791], [0.7301176291601604, 0.0, 0.9937220896206838], [0.6388054701501791, 0.9937220896206838, 0.0]], [[0.0, 0.15268307765562117, 0.2728469129213076], [0.15268307765562117, 0.0, 0.5100531641135875], [0.2728469129213076, 0.5100531641135875, 0.0]], [[0.0, 0.8655210346645094, 0.8707055340132744], [0.8655210346645094, 0.0, 0.7588175682440378], [0.8707055340132744, 0.7588175682440378, 0.0]], [[0.0, 0.1155709921344732, 0.7415840698840839], [0.1155709921344732, 0.0, 0.9970263410135727], [0.7415840698840839, 0.9970263410135727, 0.0]], [[0.0, 0.8712334647074731, 0.7527458645348973], [0.8712334647074731, 0.0, 0.9439206110221556], [0.7527458645348973, 0.9439206110221556, 0.0]], [[0.0, 0.7607143831080656, 0.8246382326631696], [0.7607143831080656, 0.0, 0.5890274461202457], [0.8246382326631696, 0.5890274461202457, 0.0]], [[0.0, 0.548614698359306, 0.891742925145098], [0.548614698359306, 0.0, 0.3732312707527462], [0.891742925145098, 0.3732312707527462, 0.0]], [[0.0, 0.6215108627470827, 0.24896722805409055], [0.6215108627470827, 0.0, 0.12566141914035012], [0.24896722805409055, 0.12566141914035012, 0.0]], [[0.0, 0.5907016274164023, 0.9152588672322282], [0.5907016274164023, 0.0, 0.5553300894969734], [0.9152588672322282, 0.5553300894969734, 0.0]], [[0.0, 0.4047194508205022, 0.7803987501253791], [0.4047194508205022, 0.0, 0.10363132477769466], [0.7803987501253791, 0.10363132477769466, 0.0]], [[0.0, 0.7013491249243039, 0.5885342002162083], [0.7013491249243039, 0.0, 0.8478050590514952], [0.5885342002162083, 0.8478050590514952, 0.0]], [[0.0, 0.28512036659019135, 0.6314466194019803], [0.28512036659019135, 0.0, 0.2860203953988735], [0.6314466194019803, 0.2860203953988735, 0.0]], [[0.0, 0.19381427624937586, 0.29939594499141275], [0.19381427624937586, 0.0, 0.15932002005993606], [0.29939594499141275, 0.15932002005993606, 0.0]], [[0.0, 0.6457672637588863, 0.1460809227359574], [0.6457672637588863, 0.0, 0.22014935824731696], [0.1460809227359574, 0.22014935824731696, 0.0]], [[0.0, 0.4592821274947769, 0.26624805632022], [0.4592821274947769, 0.0, 0.004221425288765457], [0.26624805632022, 0.004221425288765457, 0.0]], [[0.0, 0.2000129272779353, 0.658282889125999], [0.2000129272779353, 0.0, 0.8807437220961558], [0.658282889125999, 0.8807437220961558, 0.0]], [[0.0, 0.7501559295929768, 0.9206696842379513], [0.7501559295929768, 0.0, 0.5348586366899649], [0.9206696842379513, 0.5348586366899649, 0.0]], [[0.0, 0.33283880242691544, 0.4303822732947652], [0.33283880242691544, 0.0, 0.33620402841534813], [0.4303822732947652, 0.33620402841534813, 0.0]], [[0.0, 0.4731433472451295, 0.4774782897658667], [0.4731433472451295, 0.0, 0.06757579351197462], [0.4774782897658667, 0.06757579351197462, 0.0]], [[0.0, 0.6182840269524162, 0.35519891348440324], [0.6182840269524162, 0.0, 0.5447747475682119], [0.35519891348440324, 0.5447747475682119, 0.0]], [[0.0, 0.74158698718129, 0.10052517557382601], [0.74158698718129, 0.0, 0.6837510851619685], [0.10052517557382601, 0.6837510851619685, 0.0]], [[0.0, 0.9828118794005408, 0.34257370493665296], [0.9828118794005408, 0.0, 0.4774062619294026], [0.34257370493665296, 0.4774062619294026, 0.0]], [[0.0, 0.12916525322716244, 0.1255147678034081], [0.12916525322716244, 0.0, 0.008374110953801472], [0.1255147678034081, 0.008374110953801472, 0.0]], [[0.0, 0.7002422160092406, 0.4102202569781285], [0.7002422160092406, 0.0, 0.5151142906650472], [0.4102202569781285, 0.5151142906650472, 0.0]], [[0.0, 0.7204278519428792, 0.30974331257862353], [0.7204278519428792, 0.0, 0.8797080955759607], [0.30974331257862353, 0.8797080955759607, 0.0]], [[0.0, 0.630279114225569, 0.0480129765649574], [0.630279114225569, 0.0, 0.9903044127213972], [0.0480129765649574, 0.9903044127213972, 0.0]], [[0.0, 0.116960700716213, 0.15721389784965134], [0.116960700716213, 0.0, 0.23862007079505154], [0.15721389784965134, 0.23862007079505154, 0.0]], [[0.0, 0.6104319230719062, 0.7622209123594812], [0.6104319230719062, 0.0, 0.024025451006039034], [0.7622209123594812, 0.024025451006039034, 0.0]], [[0.0, 0.31550998259969876, 0.7729699890327926], [0.31550998259969876, 0.0, 0.7202545229201907], [0.7729699890327926, 0.7202545229201907, 0.0]], [[0.0, 0.6453699196714313, 0.6009800190435882], [0.6453699196714313, 0.0, 0.9856741984911745], [0.6009800190435882, 0.9856741984911745, 0.0]], [[0.0, 0.6435630606712415, 0.765984060665451], [0.6435630606712415, 0.0, 0.33797673663903105], [0.765984060665451, 0.33797673663903105, 0.0]], [[0.0, 0.9427091132523935, 0.7821689749996931], [0.9427091132523935, 0.0, 0.5141812586479116], [0.7821689749996931, 0.5141812586479116, 0.0]], [[0.0, 0.37443344094997577, 0.4128097905726352], [0.37443344094997577, 0.0, 0.8843123447481958], [0.4128097905726352, 0.8843123447481958, 0.0]], [[0.0, 0.8018926804091693, 0.7624931782531441], [0.8018926804091693, 0.0, 0.860562057717613], [0.7624931782531441, 0.860562057717613, 0.0]], [[0.0, 0.7127602775722718, 0.5305454011259398], [0.7127602775722718, 0.0, 0.1860534781276595], [0.5305454011259398, 0.1860534781276595, 0.0]], [[0.0, 0.4101459714254624, 0.07073239360077554], [0.4101459714254624, 0.0, 0.4549377763306436], [0.07073239360077554, 0.4549377763306436, 0.0]], [[0.0, 0.4767128245027903, 0.6427548928246195], [0.4767128245027903, 0.0, 0.06456094844257076], [0.6427548928246195, 0.06456094844257076, 0.0]], [[0.0, 0.461781299557796, 0.1829188788630841], [0.461781299557796, 0.0, 0.8221380397152335], [0.1829188788630841, 0.8221380397152335, 0.0]], [[0.0, 0.09513682666731027, 0.376268282345544], [0.09513682666731027, 0.0, 0.28870728003019486], [0.376268282345544, 0.28870728003019486, 0.0]], [[0.0, 0.38753195975802723, 0.02808212265576493], [0.38753195975802723, 0.0, 0.9719564532597603], [0.02808212265576493, 0.9719564532597603, 0.0]], [[0.0, 0.42423715486623736, 0.005423255308392272], [0.42423715486623736, 0.0, 0.09339600589502539], [0.005423255308392272, 0.09339600589502539, 0.0]], [[0.0, 0.8400053969275425, 0.018009488101835558], [0.8400053969275425, 0.0, 0.8497626886788299], [0.018009488101835558, 0.8497626886788299, 0.0]], [[0.0, 0.3464397686399886, 0.19788557175798416], [0.3464397686399886, 0.0, 0.9465710309556569], [0.19788557175798416, 0.9465710309556569, 0.0]], [[0.0, 0.529387461445051, 0.40859013413981304], [0.529387461445051, 0.0, 0.6485554784189625], [0.40859013413981304, 0.6485554784189625, 0.0]], [[0.0, 0.23560667961826143, 0.05267056058377506], [0.23560667961826143, 0.0, 0.566819180436708], [0.05267056058377506, 0.566819180436708, 0.0]], [[0.0, 0.021675327340787698, 0.2003937882278808], [0.021675327340787698, 0.0, 0.819787275629986], [0.2003937882278808, 0.819787275629986, 0.0]], [[0.0, 0.9899283517971738, 0.3045615496639066], [0.9899283517971738, 0.0, 0.07644444455192412], [0.3045615496639066, 0.07644444455192412, 0.0]], [[0.0, 0.9353628667973268, 0.8157960418986681], [0.9353628667973268, 0.0, 0.9266095685566798], [0.8157960418986681, 0.9266095685566798, 0.0]], [[0.0, 0.014693132723957558, 0.19178341394436882], [0.014693132723957558, 0.0, 0.7086749165787166], [0.19178341394436882, 0.7086749165787166, 0.0]], [[0.0, 0.22673999572850356, 0.5522656006301869], [0.22673999572850356, 0.0, 0.563204254256156], [0.5522656006301869, 0.563204254256156, 0.0]], [[0.0, 0.9888969593347122, 0.24007232326421934], [0.9888969593347122, 0.0, 0.6276406038465783], [0.24007232326421934, 0.6276406038465783, 0.0]], [[0.0, 0.05326930866211699, 0.7603357617378281], [0.05326930866211699, 0.0, 0.9814874075071305], [0.7603357617378281, 0.9814874075071305, 0.0]], [[0.0, 0.46244160861564076, 0.6924081367603836], [0.46244160861564076, 0.0, 0.3604679205737036], [0.6924081367603836, 0.3604679205737036, 0.0]], [[0.0, 0.6675700098449037, 0.2631184296007244], [0.6675700098449037, 0.0, 0.4014523980054332], [0.2631184296007244, 0.4014523980054332, 0.0]], [[0.0, 0.92195017617353, 0.5252354283087943], [0.92195017617353, 0.0, 0.05188109188714063], [0.5252354283087943, 0.05188109188714063, 0.0]], [[0.0, 0.6772762626073234, 0.9329604638069274], [0.6772762626073234, 0.0, 0.8069646684665013], [0.9329604638069274, 0.8069646684665013, 0.0]], [[0.0, 0.28624208564093456, 0.17553818081338768], [0.28624208564093456, 0.0, 0.9471370630957234], [0.17553818081338768, 0.9471370630957234, 0.0]], [[0.0, 0.46747801164785385, 0.3807507973379022], [0.46747801164785385, 0.0, 0.698034053019542], [0.3807507973379022, 0.698034053019542, 0.0]], [[0.0, 0.21251163740891543, 0.7985717026748065], [0.21251163740891543, 0.0, 0.11570227363871988], [0.7985717026748065, 0.11570227363871988, 0.0]], [[0.0, 0.27344149955858355, 0.18328991844151843], [0.27344149955858355, 0.0, 0.008513502943140683], [0.18328991844151843, 0.008513502943140683, 0.0]], [[0.0, 0.19145496128576478, 0.8920228586982101], [0.19145496128576478, 0.0, 0.23476774023723201], [0.8920228586982101, 0.23476774023723201, 0.0]], [[0.0, 0.5728800818307241, 0.28637535805157954], [0.5728800818307241, 0.0, 0.2553279126001713], [0.28637535805157954, 0.2553279126001713, 0.0]], [[0.0, 0.20167013186927207, 0.33800836288716085], [0.20167013186927207, 0.0, 0.6826111907021156], [0.33800836288716085, 0.6826111907021156, 0.0]], [[0.0, 0.6811997680206244, 0.3252405735566962], [0.6811997680206244, 0.0, 0.09746032851099384], [0.3252405735566962, 0.09746032851099384, 0.0]], [[0.0, 0.31945190254930245, 0.5521012632551247], [0.31945190254930245, 0.0, 0.8230656887762823], [0.5521012632551247, 0.8230656887762823, 0.0]], [[0.0, 0.7895688404511355, 0.527361774291205], [0.7895688404511355, 0.0, 0.09623471465234579], [0.527361774291205, 0.09623471465234579, 0.0]], [[0.0, 0.6946172774969388, 0.2557918150791837], [0.6946172774969388, 0.0, 0.3010975871874151], [0.2557918150791837, 0.3010975871874151, 0.0]], [[0.0, 0.7953957224984373, 0.13255424698549845], [0.7953957224984373, 0.0, 0.9842701161271097], [0.13255424698549845, 0.9842701161271097, 0.0]], [[0.0, 0.4999611527940715, 0.7319763490609602], [0.4999611527940715, 0.0, 0.14488700163265666], [0.7319763490609602, 0.14488700163265666, 0.0]], [[0.0, 0.19093770347840733, 0.5772027330792787], [0.19093770347840733, 0.0, 0.6963092947267349], [0.5772027330792787, 0.6963092947267349, 0.0]], [[0.0, 0.128056259677105, 0.8014895378287148], [0.128056259677105, 0.0, 0.17676956167203617], [0.8014895378287148, 0.17676956167203617, 0.0]], [[0.0, 0.10664309585094933, 0.3628575459778438], [0.10664309585094933, 0.0, 0.5247199592720779], [0.3628575459778438, 0.5247199592720779, 0.0]], [[0.0, 0.7015370113224961, 0.04761536963223012], [0.7015370113224961, 0.0, 0.5039818441500099], [0.04761536963223012, 0.5039818441500099, 0.0]], [[0.0, 0.2468753939698487, 0.02633136406394654], [0.2468753939698487, 0.0, 0.8482727316646879], [0.02633136406394654, 0.8482727316646879, 0.0]], [[0.0, 0.09829334184160243, 0.1522053209297224], [0.09829334184160243, 0.0, 0.4790407618144543], [0.1522053209297224, 0.4790407618144543, 0.0]], [[0.0, 0.6896825358183323, 0.20611881585598746], [0.6896825358183323, 0.0, 0.553448563727006], [0.20611881585598746, 0.553448563727006, 0.0]], [[0.0, 0.7894441761577786, 0.5961772800975419], [0.7894441761577786, 0.0, 0.6957121280053264], [0.5961772800975419, 0.6957121280053264, 0.0]], [[0.0, 0.8268471373987004, 0.909222909825242], [0.8268471373987004, 0.0, 0.4568911521304445], [0.909222909825242, 0.4568911521304445, 0.0]], [[0.0, 0.9294964769620833, 0.7734307993288029], [0.9294964769620833, 0.0, 0.45727544400775033], [0.7734307993288029, 0.45727544400775033, 0.0]], [[0.0, 0.8519619608250042, 0.40775695492480146], [0.8519619608250042, 0.0, 0.8476843543841235], [0.40775695492480146, 0.8476843543841235, 0.0]], [[0.0, 0.11822322212252989, 0.00606793437126496], [0.11822322212252989, 0.0, 0.7729958702172658], [0.00606793437126496, 0.7729958702172658, 0.0]], [[0.0, 0.7783572951431948, 0.8647795874024777], [0.7783572951431948, 0.0, 0.9270372676368982], [0.8647795874024777, 0.9270372676368982, 0.0]], [[0.0, 0.421909216243203, 0.3501211846984593], [0.421909216243203, 0.0, 0.11805359158939444], [0.3501211846984593, 0.11805359158939444, 0.0]], [[0.0, 0.09227246932454136, 0.3914922352979835], [0.09227246932454136, 0.0, 0.7003526879710785], [0.3914922352979835, 0.7003526879710785, 0.0]], [[0.0, 0.1143198656648523, 0.3889355297999807], [0.1143198656648523, 0.0, 0.9337967975690155], [0.3889355297999807, 0.9337967975690155, 0.0]], [[0.0, 0.4489518972033867, 0.8111378922649826], [0.4489518972033867, 0.0, 0.734767784893941], [0.8111378922649826, 0.734767784893941, 0.0]], [[0.0, 0.4178410828704886, 0.3413369501679445], [0.4178410828704886, 0.0, 0.5807031921871879], [0.3413369501679445, 0.5807031921871879, 0.0]], [[0.0, 0.8797067491748047, 0.8002223575799542], [0.8797067491748047, 0.0, 0.4370490251853545], [0.8002223575799542, 0.4370490251853545, 0.0]], [[0.0, 0.29380939289412256, 0.5362546994664366], [0.29380939289412256, 0.0, 0.7364629337332634], [0.5362546994664366, 0.7364629337332634, 0.0]], [[0.0, 0.5438137801227709, 0.5453651547175409], [0.5438137801227709, 0.0, 0.7326618737383485], [0.5453651547175409, 0.7326618737383485, 0.0]], [[0.0, 0.1235708207643591, 0.3588708356562015], [0.1235708207643591, 0.0, 0.017118915700030324], [0.3588708356562015, 0.017118915700030324, 0.0]], [[0.0, 0.31669713657680965, 0.5210113933233567], [0.31669713657680965, 0.0, 0.6735714337274175], [0.5210113933233567, 0.6735714337274175, 0.0]], [[0.0, 0.4097036219002076, 0.5369089102687709], [0.4097036219002076, 0.0, 0.4287711936473988], [0.5369089102687709, 0.4287711936473988, 0.0]], [[0.0, 0.3080014859399681, 0.7741176332514571], [0.3080014859399681, 0.0, 0.9717649619595202], [0.7741176332514571, 0.9717649619595202, 0.0]], [[0.0, 0.08188353837574402, 0.07745027182803432], [0.08188353837574402, 0.0, 0.7662233080825787], [0.07745027182803432, 0.7662233080825787, 0.0]], [[0.0, 0.6188172694478263, 0.5746538994557739], [0.6188172694478263, 0.0, 0.7830205799544687], [0.5746538994557739, 0.7830205799544687, 0.0]], [[0.0, 0.3540949004310816, 0.04320946393999536], [0.3540949004310816, 0.0, 0.8793256429823754], [0.04320946393999536, 0.8793256429823754, 0.0]], [[0.0, 0.38959559856735815, 0.07545519722684835], [0.38959559856735815, 0.0, 0.7110255715592719], [0.07545519722684835, 0.7110255715592719, 0.0]], [[0.0, 0.5113920734078305, 0.1912526592303826], [0.5113920734078305, 0.0, 0.6101524391858275], [0.1912526592303826, 0.6101524391858275, 0.0]], [[0.0, 0.17216025955599246, 0.7671047895263975], [0.17216025955599246, 0.0, 0.9725992182390649], [0.7671047895263975, 0.9725992182390649, 0.0]], [[0.0, 0.6738522916755123, 0.015026872917950351], [0.6738522916755123, 0.0, 0.9103209643262719], [0.015026872917950351, 0.9103209643262719, 0.0]], [[0.0, 0.390566147303418, 0.6531163638620037], [0.390566147303418, 0.0, 0.6135302323915447], [0.6531163638620037, 0.6135302323915447, 0.0]], [[0.0, 0.8444569856237731, 0.18129130612983524], [0.8444569856237731, 0.0, 0.3695117861597901], [0.18129130612983524, 0.3695117861597901, 0.0]], [[0.0, 0.7908456438107047, 0.10260576757221662], [0.7908456438107047, 0.0, 0.3538680439736721], [0.10260576757221662, 0.3538680439736721, 0.0]], [[0.0, 0.4268482161130368, 0.3932467752473966], [0.4268482161130368, 0.0, 0.07159386183945227], [0.3932467752473966, 0.07159386183945227, 0.0]], [[0.0, 0.7190744284842377, 0.7157936330451558], [0.7190744284842377, 0.0, 0.6007929821136997], [0.7157936330451558, 0.6007929821136997, 0.0]], [[0.0, 0.08461943025066931, 0.7373486633228019], [0.08461943025066931, 0.0, 0.522726479062058], [0.7373486633228019, 0.522726479062058, 0.0]], [[0.0, 0.5623846600889787, 0.23761109615350706], [0.5623846600889787, 0.0, 0.9753171272661748], [0.23761109615350706, 0.9753171272661748, 0.0]], [[0.0, 0.5119591905564739, 0.18177904837101588], [0.5119591905564739, 0.0, 0.6005990634658438], [0.18177904837101588, 0.6005990634658438, 0.0]], [[0.0, 0.4970699744364707, 0.35512124811737067], [0.4970699744364707, 0.0, 0.8639818101124331], [0.35512124811737067, 0.8639818101124331, 0.0]], [[0.0, 0.9627009220338378, 0.7854767767737321], [0.9627009220338378, 0.0, 0.7052834841807715], [0.7854767767737321, 0.7052834841807715, 0.0]], [[0.0, 0.9281041175320253, 0.5173127689814613], [0.9281041175320253, 0.0, 0.5660858911032387], [0.5173127689814613, 0.5660858911032387, 0.0]], [[0.0, 0.7046676626073126, 0.3844997145487693], [0.7046676626073126, 0.0, 0.5814497472760447], [0.3844997145487693, 0.5814497472760447, 0.0]], [[0.0, 0.5827325221526527, 0.7856553631928851], [0.5827325221526527, 0.0, 0.8899820060900119], [0.7856553631928851, 0.8899820060900119, 0.0]], [[0.0, 0.5769569477208791, 0.22674839482940723], [0.5769569477208791, 0.0, 0.7929507376189285], [0.22674839482940723, 0.7929507376189285, 0.0]], [[0.0, 0.16310864398186142, 0.43738771324062575], [0.16310864398186142, 0.0, 0.22125789204717183], [0.43738771324062575, 0.22125789204717183, 0.0]], [[0.0, 0.5082699730454276, 0.3265952324783039], [0.5082699730454276, 0.0, 0.45188964258536046], [0.3265952324783039, 0.45188964258536046, 0.0]], [[0.0, 0.7409109000640157, 0.4366641231468894], [0.7409109000640157, 0.0, 0.5319441496326528], [0.4366641231468894, 0.5319441496326528, 0.0]], [[0.0, 0.8011026466293109, 0.2775467923065644], [0.8011026466293109, 0.0, 0.9922568090995865], [0.2775467923065644, 0.9922568090995865, 0.0]], [[0.0, 0.19284530902999952, 0.5402563829633172], [0.19284530902999952, 0.0, 0.825377877986053], [0.5402563829633172, 0.825377877986053, 0.0]], [[0.0, 0.9363586307555867, 0.17875003503494924], [0.9363586307555867, 0.0, 0.5653114478628634], [0.17875003503494924, 0.5653114478628634, 0.0]], [[0.0, 0.8330559879626903, 0.6174268485538214], [0.8330559879626903, 0.0, 0.2019305821628029], [0.6174268485538214, 0.2019305821628029, 0.0]], [[0.0, 0.006780921635576864, 0.19584959627611886], [0.006780921635576864, 0.0, 0.7189572238834029], [0.19584959627611886, 0.7189572238834029, 0.0]], [[0.0, 0.36950954865607866, 0.80611279575721], [0.36950954865607866, 0.0, 0.8362981091528786], [0.80611279575721, 0.8362981091528786, 0.0]], [[0.0, 0.3043019884150723, 0.1688274628987908], [0.3043019884150723, 0.0, 0.8830014685428106], [0.1688274628987908, 0.8830014685428106, 0.0]], [[0.0, 0.30998273981607716, 0.8949056254966496], [0.30998273981607716, 0.0, 0.5165627214302413], [0.8949056254966496, 0.5165627214302413, 0.0]], [[0.0, 0.30252743203715693, 0.1712065326968888], [0.30252743203715693, 0.0, 0.3053426296339873], [0.1712065326968888, 0.3053426296339873, 0.0]], [[0.0, 0.9725436085651, 0.5187275898915849], [0.9725436085651, 0.0, 0.3559899935863101], [0.5187275898915849, 0.3559899935863101, 0.0]], [[0.0, 0.9437617730954231, 0.42477489167310456], [0.9437617730954231, 0.0, 0.5375162824637937], [0.42477489167310456, 0.5375162824637937, 0.0]], [[0.0, 0.9008303399998187, 0.8073106959325126], [0.9008303399998187, 0.0, 0.9125697709892265], [0.8073106959325126, 0.9125697709892265, 0.0]], [[0.0, 0.9239984164763547, 0.25394730744564376], [0.9239984164763547, 0.0, 0.6939392715036772], [0.25394730744564376, 0.6939392715036772, 0.0]], [[0.0, 0.9715607402562174, 0.6701867694683379], [0.9715607402562174, 0.0, 0.34704423105654414], [0.6701867694683379, 0.34704423105654414, 0.0]], [[0.0, 0.9178985268847714, 0.12299197120143712], [0.9178985268847714, 0.0, 0.24263255161064912], [0.12299197120143712, 0.24263255161064912, 0.0]], [[0.0, 0.4794032350073205, 0.11540711593174469], [0.4794032350073205, 0.0, 0.6572102281671576], [0.11540711593174469, 0.6572102281671576, 0.0]], [[0.0, 0.0729362450167883, 0.19451180232617427], [0.0729362450167883, 0.0, 0.3743020239207533], [0.19451180232617427, 0.3743020239207533, 0.0]], [[0.0, 0.9947542227225356, 0.6232993554253097], [0.9947542227225356, 0.0, 0.2637868519974276], [0.6232993554253097, 0.2637868519974276, 0.0]], [[0.0, 0.8917533795623256, 0.31833908494550234], [0.8917533795623256, 0.0, 0.6200384851173433], [0.31833908494550234, 0.6200384851173433, 0.0]], [[0.0, 0.16079952978820122, 0.41603088346715233], [0.16079952978820122, 0.0, 0.9097357891434388], [0.41603088346715233, 0.9097357891434388, 0.0]], [[0.0, 0.2269745686973883, 0.5243011886557003], [0.2269745686973883, 0.0, 0.850263289637259], [0.5243011886557003, 0.850263289637259, 0.0]], [[0.0, 0.9523878426980805, 0.9175640925110436], [0.9523878426980805, 0.0, 0.22074541099413703], [0.9175640925110436, 0.22074541099413703, 0.0]], [[0.0, 0.6227745956670617, 0.9026900158686406], [0.6227745956670617, 0.0, 0.5855454175964776], [0.9026900158686406, 0.5855454175964776, 0.0]], [[0.0, 0.4753877723985377, 0.3576253778397027], [0.4753877723985377, 0.0, 0.7068543062374774], [0.3576253778397027, 0.7068543062374774, 0.0]], [[0.0, 0.4681338720272208, 0.8643226982182166], [0.4681338720272208, 0.0, 0.2817705705324218], [0.8643226982182166, 0.2817705705324218, 0.0]], [[0.0, 0.9337228501306717, 0.9650866011529475], [0.9337228501306717, 0.0, 0.9947523632422421], [0.9650866011529475, 0.9947523632422421, 0.0]], [[0.0, 0.7160946457118111, 0.19412009097309002], [0.7160946457118111, 0.0, 0.6815725970069136], [0.19412009097309002, 0.6815725970069136, 0.0]], [[0.0, 0.6167619378415172, 0.5341423759545056], [0.6167619378415172, 0.0, 0.3300780931050782], [0.5341423759545056, 0.3300780931050782, 0.0]], [[0.0, 0.1087876304180837, 0.645966774135889], [0.1087876304180837, 0.0, 0.5436558317458139], [0.645966774135889, 0.5436558317458139, 0.0]], [[0.0, 0.9107387473289668, 0.3130097275857664], [0.9107387473289668, 0.0, 0.28801269529191653], [0.3130097275857664, 0.28801269529191653, 0.0]], [[0.0, 0.6746174481574239, 0.6972300600258561], [0.6746174481574239, 0.0, 0.8359004465786924], [0.6972300600258561, 0.8359004465786924, 0.0]], [[0.0, 0.32278748344550956, 0.8193485573150014], [0.32278748344550956, 0.0, 0.10917200850003794], [0.8193485573150014, 0.10917200850003794, 0.0]], [[0.0, 0.2902543149582385, 0.6629671147938926], [0.2902543149582385, 0.0, 0.4432072284266798], [0.6629671147938926, 0.4432072284266798, 0.0]], [[0.0, 0.5739792828412166, 0.04039936522202836], [0.5739792828412166, 0.0, 0.8773389118834569], [0.04039936522202836, 0.8773389118834569, 0.0]], [[0.0, 0.6658067100866942, 0.6219777390007833], [0.6658067100866942, 0.0, 0.7019092403892597], [0.6219777390007833, 0.7019092403892597, 0.0]], [[0.0, 0.7691636257370025, 0.9401059496174032], [0.7691636257370025, 0.0, 0.5002892597729812], [0.9401059496174032, 0.5002892597729812, 0.0]], [[0.0, 0.3939698011078725, 0.018919260653318393], [0.3939698011078725, 0.0, 0.7427897164831938], [0.018919260653318393, 0.7427897164831938, 0.0]], [[0.0, 0.6528356330129318, 0.9260015481019697], [0.6528356330129318, 0.0, 0.954190020175149], [0.9260015481019697, 0.954190020175149, 0.0]], [[0.0, 0.2783625435642961, 0.6627197204162986], [0.2783625435642961, 0.0, 0.42230077272618094], [0.6627197204162986, 0.42230077272618094, 0.0]], [[0.0, 0.12265102682231077, 0.5894489816940887], [0.12265102682231077, 0.0, 0.7295878897714477], [0.5894489816940887, 0.7295878897714477, 0.0]], [[0.0, 0.4951483976472758, 0.276398151443915], [0.4951483976472758, 0.0, 0.44038418325642503], [0.276398151443915, 0.44038418325642503, 0.0]], [[0.0, 0.6651351735794124, 0.3729034462339208], [0.6651351735794124, 0.0, 0.9926066915174663], [0.3729034462339208, 0.9926066915174663, 0.0]], [[0.0, 0.6170225567677734, 0.8402170579518191], [0.6170225567677734, 0.0, 0.27801271625362567], [0.8402170579518191, 0.27801271625362567, 0.0]], [[0.0, 0.11522809760696828, 0.5112988045172983], [0.11522809760696828, 0.0, 0.4031378727045599], [0.5112988045172983, 0.4031378727045599, 0.0]], [[0.0, 0.3296415303726471, 0.629473031813763], [0.3296415303726471, 0.0, 0.7235753347163784], [0.629473031813763, 0.7235753347163784, 0.0]], [[0.0, 0.8471045653969325, 0.12353735948819511], [0.8471045653969325, 0.0, 0.1962601895447933], [0.12353735948819511, 0.1962601895447933, 0.0]], [[0.0, 0.12713944261003818, 0.3149061200540104], [0.12713944261003818, 0.0, 0.03204073909933802], [0.3149061200540104, 0.03204073909933802, 0.0]], [[0.0, 0.22100614051215306, 0.967309246943092], [0.22100614051215306, 0.0, 0.2168926787078831], [0.967309246943092, 0.2168926787078831, 0.0]], [[0.0, 0.5096231226011878, 0.45729022779816475], [0.5096231226011878, 0.0, 0.08242457161757855], [0.45729022779816475, 0.08242457161757855, 0.0]], [[0.0, 0.5783365352665086, 0.7933175988626799], [0.5783365352665086, 0.0, 0.9958050174139788], [0.7933175988626799, 0.9958050174139788, 0.0]], [[0.0, 0.45811252450234996, 0.5938260010033289], [0.45811252450234996, 0.0, 0.2678829196243777], [0.5938260010033289, 0.2678829196243777, 0.0]], [[0.0, 0.47186934565810357, 0.7587560928495376], [0.47186934565810357, 0.0, 0.636590205998177], [0.7587560928495376, 0.636590205998177, 0.0]], [[0.0, 0.3558009516767221, 0.00878861968847433], [0.3558009516767221, 0.0, 0.31479903612262794], [0.00878861968847433, 0.31479903612262794, 0.0]], [[0.0, 0.48249883477121325, 0.5174427579432854], [0.48249883477121325, 0.0, 0.45453829306673144], [0.5174427579432854, 0.45453829306673144, 0.0]], [[0.0, 0.4677562243690645, 0.5934463867871169], [0.4677562243690645, 0.0, 0.5954707361325555], [0.5934463867871169, 0.5954707361325555, 0.0]], [[0.0, 0.026895192458335715, 0.8154202245865528], [0.026895192458335715, 0.0, 0.7776098919783345], [0.8154202245865528, 0.7776098919783345, 0.0]], [[0.0, 0.9558794927969777, 0.3764390254355694], [0.9558794927969777, 0.0, 0.16425286905748704], [0.3764390254355694, 0.16425286905748704, 0.0]], [[0.0, 0.6051471302703372, 0.10744233947705473], [0.6051471302703372, 0.0, 0.12607118490184044], [0.10744233947705473, 0.12607118490184044, 0.0]], [[0.0, 0.911703341627892, 0.7367957866994463], [0.911703341627892, 0.0, 0.24092472745010463], [0.7367957866994463, 0.24092472745010463, 0.0]], [[0.0, 0.7677466525740718, 0.20612699819357005], [0.7677466525740718, 0.0, 0.07500546877335224], [0.20612699819357005, 0.07500546877335224, 0.0]], [[0.0, 0.7068828001619681, 0.14646152710951477], [0.7068828001619681, 0.0, 0.9771065726701309], [0.14646152710951477, 0.9771065726701309, 0.0]], [[0.0, 0.5787584295485861, 0.45043873100846066], [0.5787584295485861, 0.0, 0.3869407027308771], [0.45043873100846066, 0.3869407027308771, 0.0]], [[0.0, 0.506552700518782, 0.9118782727547285], [0.506552700518782, 0.0, 0.5329050379670316], [0.9118782727547285, 0.5329050379670316, 0.0]], [[0.0, 0.8374639173466529, 0.5199307976817449], [0.8374639173466529, 0.0, 0.9556650326448886], [0.5199307976817449, 0.9556650326448886, 0.0]], [[0.0, 0.7909722618832439, 0.7013340725451278], [0.7909722618832439, 0.0, 0.8574119980104913], [0.7013340725451278, 0.8574119980104913, 0.0]], [[0.0, 0.5302419272220739, 0.963049715898598], [0.5302419272220739, 0.0, 0.6057656871391826], [0.963049715898598, 0.6057656871391826, 0.0]], [[0.0, 0.8467131010608977, 0.2717565501657768], [0.8467131010608977, 0.0, 0.3528777592586734], [0.2717565501657768, 0.3528777592586734, 0.0]], [[0.0, 0.7458577187152606, 0.8234507162062773], [0.7458577187152606, 0.0, 0.20027208493749715], [0.8234507162062773, 0.20027208493749715, 0.0]], [[0.0, 0.5703181838700665, 0.04108286803075012], [0.5703181838700665, 0.0, 0.2799011457499231], [0.04108286803075012, 0.2799011457499231, 0.0]], [[0.0, 0.5531110824687944, 0.2626036344688233], [0.5531110824687944, 0.0, 0.311192564583438], [0.2626036344688233, 0.311192564583438, 0.0]], [[0.0, 0.1534619157849192, 0.19456978286002802], [0.1534619157849192, 0.0, 0.844443805555901], [0.19456978286002802, 0.844443805555901, 0.0]], [[0.0, 0.4720548451004445, 0.526531660148859], [0.4720548451004445, 0.0, 0.6358943049897179], [0.526531660148859, 0.6358943049897179, 0.0]], [[0.0, 0.020517975214385475, 0.6580626738961022], [0.020517975214385475, 0.0, 0.9800816661625171], [0.6580626738961022, 0.9800816661625171, 0.0]], [[0.0, 0.1877854250935065, 0.5119312120599838], [0.1877854250935065, 0.0, 0.7794975354260021], [0.5119312120599838, 0.7794975354260021, 0.0]], [[0.0, 0.5642410279532281, 0.9251275447489423], [0.5642410279532281, 0.0, 0.6749154105723425], [0.9251275447489423, 0.6749154105723425, 0.0]], [[0.0, 0.36421040889469336, 0.1840456174009507], [0.36421040889469336, 0.0, 0.5259019267210941], [0.1840456174009507, 0.5259019267210941, 0.0]], [[0.0, 0.34678109781786015, 0.7408121950319382], [0.34678109781786015, 0.0, 0.3389122089266621], [0.7408121950319382, 0.3389122089266621, 0.0]], [[0.0, 0.3417130073488125, 0.09564859652755187], [0.3417130073488125, 0.0, 0.9560203294196328], [0.09564859652755187, 0.9560203294196328, 0.0]], [[0.0, 0.23929467279681904, 0.5023092738412002], [0.23929467279681904, 0.0, 0.8167706742008356], [0.5023092738412002, 0.8167706742008356, 0.0]], [[0.0, 0.8811411501566767, 0.49323999433478816], [0.8811411501566767, 0.0, 0.23197571355532998], [0.49323999433478816, 0.23197571355532998, 0.0]], [[0.0, 0.5655703336035114, 0.2134689407075384], [0.5655703336035114, 0.0, 0.3375073844055886], [0.2134689407075384, 0.3375073844055886, 0.0]], [[0.0, 0.5214216101815387, 0.2589862493145245], [0.5214216101815387, 0.0, 0.9309129700910614], [0.2589862493145245, 0.9309129700910614, 0.0]], [[0.0, 0.6020648186257981, 0.7259877227546274], [0.6020648186257981, 0.0, 0.5885940962656125], [0.7259877227546274, 0.5885940962656125, 0.0]], [[0.0, 0.06899957887728314, 0.8042192760993118], [0.06899957887728314, 0.0, 0.6632758500442475], [0.8042192760993118, 0.6632758500442475, 0.0]], [[0.0, 0.06998361054759616, 0.24866101613467717], [0.06998361054759616, 0.0, 0.14024207755792673], [0.24866101613467717, 0.14024207755792673, 0.0]], [[0.0, 0.29014694368838556, 0.33525003510077744], [0.29014694368838556, 0.0, 0.6792240506586197], [0.33525003510077744, 0.6792240506586197, 0.0]], [[0.0, 0.10301459538330282, 0.11183031132309951], [0.10301459538330282, 0.0, 0.7783617066487226], [0.11183031132309951, 0.7783617066487226, 0.0]], [[0.0, 0.6847978989680197, 0.10240469993202994], [0.6847978989680197, 0.0, 0.286715527433147], [0.10240469993202994, 0.286715527433147, 0.0]], [[0.0, 0.6885329888599302, 0.7610047211872708], [0.6885329888599302, 0.0, 0.1360448560518347], [0.7610047211872708, 0.1360448560518347, 0.0]], [[0.0, 0.14190524281913364, 0.21213313369852638], [0.14190524281913364, 0.0, 0.9975462197291235], [0.21213313369852638, 0.9975462197291235, 0.0]], [[0.0, 0.7061771218227503, 0.042041388010621406], [0.7061771218227503, 0.0, 0.20907905627716916], [0.042041388010621406, 0.20907905627716916, 0.0]], [[0.0, 0.6557335167543069, 0.3952092347492917], [0.6557335167543069, 0.0, 0.3524286527859848], [0.3952092347492917, 0.3524286527859848, 0.0]], [[0.0, 0.4888272564691407, 0.5579588254627067], [0.4888272564691407, 0.0, 0.5914867316925295], [0.5579588254627067, 0.5914867316925295, 0.0]], [[0.0, 0.8424602853465493, 0.9970835175537022], [0.8424602853465493, 0.0, 0.7217517823777131], [0.9970835175537022, 0.7217517823777131, 0.0]], [[0.0, 0.6548766634791292, 0.5574974233297892], [0.6548766634791292, 0.0, 0.19248134272690742], [0.5574974233297892, 0.19248134272690742, 0.0]], [[0.0, 0.19786476880822834, 0.7959808683472379], [0.19786476880822834, 0.0, 0.656043692698232], [0.7959808683472379, 0.656043692698232, 0.0]], [[0.0, 0.6976486143229795, 0.7281444004043157], [0.6976486143229795, 0.0, 0.6408606017209041], [0.7281444004043157, 0.6408606017209041, 0.0]], [[0.0, 0.7710294333576526, 0.10938074128595221], [0.7710294333576526, 0.0, 0.17071700550073798], [0.10938074128595221, 0.17071700550073798, 0.0]], [[0.0, 0.29774103719900225, 0.8229202213787246], [0.29774103719900225, 0.0, 0.05326667372633509], [0.8229202213787246, 0.05326667372633509, 0.0]], [[0.0, 0.2995557446860355, 0.9814737805148108], [0.2995557446860355, 0.0, 0.4617641161163206], [0.9814737805148108, 0.4617641161163206, 0.0]], [[0.0, 0.9499083845935004, 0.12099987070464524], [0.9499083845935004, 0.0, 0.16692605114397496], [0.12099987070464524, 0.16692605114397496, 0.0]], [[0.0, 0.19218909226195613, 0.9974010468971007], [0.19218909226195613, 0.0, 0.4655315725423995], [0.9974010468971007, 0.4655315725423995, 0.0]], [[0.0, 0.6238091432171032, 0.49996414021180924], [0.6238091432171032, 0.0, 0.8220330916614856], [0.49996414021180924, 0.8220330916614856, 0.0]], [[0.0, 0.17491997717707886, 0.029056112925996636], [0.17491997717707886, 0.0, 0.29695984680999465], [0.029056112925996636, 0.29695984680999465, 0.0]], [[0.0, 0.4420372076477176, 0.9903563831117023], [0.4420372076477176, 0.0, 0.35331470912593366], [0.9903563831117023